1690 1772 1792 1774 1770 1768 1773 1741 1778 1763 1694 1768 1801 1601 1721 1680 1771 1635 1414 1792

41

100 88 85 88 88 89 88 92 87 89 99 89 84 112 95 101 88 108 139 85

53 18 14 15

10566

0	160	250	277	425	424	434	434	192	424	103	220	272	676	427	210	369	73	0	400
0	0	90	117	265	264	274	274	32	264	0	60	112	516	267	50	209	0	0	240
0	0	0	27	175	174	184	184	0	174	0	0	22	426	177	0	119	0	0	150
0	0	0	0	148	147	157	157	0	147	0	0	0	399	150	0	92	0	0	123
0	0	0	0	0	0	9	9	0	0	0	0	0	251	2	0	0	0	0	0
0	0	0	0	1	0	10	10	0	0	0	0	0	252	3	0	0	0	0	0
0	0	0	0	0	0	0	0	0	0	0	0	0	242	0	0	0	0	0	0
0	0	0	0	0	0	0	0	0	0	0	0	0	242	0	0	0	0	0	0
0	0	58	85	233	232	242	242	0	232	0	28	80	484	235	18	177	0	0	208
0	0	0	0	1	0	10	10	0	0	0	0	0	252	3	0	0	0	0	0
0	57	147	174	322	321	331	331	89	321	0	117	169	573	324	107	266	0	0	297
0	0	30	57	205	204	214	214	0	204	0	0	52	456	207	0	149	0	0	180
0	0	0	5	153	152	162	162	0	152	0	0	0	404	155	0	97	0	0	128
0	0	0	0	0	0	0	0	0	0	0	0	0	0	0	0	0	0	0	0
0	0	0	0	0	0	7	7	0	0	0	0	0	249	0	0	0	0	0	0
0	0	40	67	215	214	224	224	0	214	0	10	62	466	217	0	159	0	0	190
0	0	0	0	56	55	65	65	0	55	0	0	0	307	58	0	0	0	0	31
0	87	177	204	352	351	361	361	119	351	30	147	199	603	354	137	296	0	0	327
176	336	426	453	601	600	610	610	368	600	279	396	448	852	603	386	545	249	0	576
0	0	0	0	25	24	34	34	0	24	0	0	0	276	27	0	0	0	0	0

0	0	0	0	0	0	0	0	0	0	0	0	0	0	0	0	0	0	176	0
160	0	0	0	0	0	0	0	0	0	57	0	0	0	0	0	0	87	336	0
250	90	0	0	0	0	0	0	58	0	147	30	0	0	0	40	0	177	426	0
277	117	27	0	0	0	0	0	85	0	174	57	5	0	0	67	0	204	453	0
425	265	175	148	0	1	0	0	233	1	322	205	153	0	0	215	56	352	601	25
424	264	174	147	0	0	0	0	232	0	321	204	152	0	0	214	55	351	600	24
434	274	184	157	9	10	0	0	242	10	331	214	162	0	7	224	65	361	610	34
434	274	184	157	9	10	0	0	242	10	331	214	162	0	7	224	65	361	610	34
192	32	0	0	0	0	0	0	0	0	89	0	0	0	0	0	0	119	368	0
424	264	174	147	0	0	0	0	232	0	321	204	152	0	0	214	55	351	600	24
103	0	0	0	0	0	0	0	0	0	0	0	0	0	0	0	0	30	279	0
220	60	0	0	0	0	0	0	28	0	117	0	0	0	0	10	0	147	396	0
272	112	22	0	0	0	0	0	80	0	169	52	0	0	0	62	0	199	448	0
676	516	426	399	251	252	242	242	484	252	573	456	404	0	249	466	307	603	852	276
427	267	177	150	2	3	0	0	235	3	324	207	155	0	0	217	58	354	603	27
210	50	0	0	0	0	0	0	18	0	107	0	0	0	0	0	0	137	386	0
369	209	119	92	0	0	0	0	177	0	266	149	97	0	0	159	0	296	545	0
73	0	0	0	0	0	0	0	0	0	0	0	0	0	0	0	0	0	249	0
0	0	0	0	0	0	0	0	0	0	0	0	0	0	0	0	0	0	0	0
400	240	150	123	0	0	0	0	208	0	297	180	128	0	0	190	31	327	576	0

0	50	0	150	0	140	0	190	10	0	150	0	20	50	235	250	0	0	80	80
0	0	0	100	0	90	0	140	0	0	100	0	0	0	185	200	0	0	30	30
10	60	0	160	0	150	10	200	20	0	160	0	30	60	245	260	0	0	90	90
0	0	0	0	0	0	0	40	0	0	0	0	0	0	85	100	0	0	0	0
30	80	20	180	0	170	30	220	40	0	180	0	50	80	265	280	0	0	110	110
0	0	0	10	0	0	0	50	0	0	10	0	0	0	95	110	0	0	0	0
0	50	0	150	0	140	0	190	10	0	150	0	20	50	235	250	0	0	80	80
0	0	0	0	0	0	0	0	0	0	0	0	0	0	45	60	0	0	0	0
0	40	0	140	0	130	0	180	0	0	140	0	10	40	225	240	0	0	70	70
50	100	40	200	20	190	50	240	60	0	200	10	70	100	285	300	10	0	130	130
0	0	0	0	0	0	0	40	0	0	0	0	0	0	85	100	0	0	0	0
40	90	30	190	10	180	40	230	50	0	190	0	60	90	275	290	0	0	120	120
0	30	0	130	0	120	0	170	0	0	130	0	0	30	215	230	0	0	60	60
0	0	0	100	0	90	0	140	0	0	100	0	0	0	185	200	0	0	30	30
0	0	0	0	0	0	0	0	0	0	0	0	0	0	0	15	0	0	0	0
0	0	0	0	0	0	0	0	0	0	0	0	0	0	0	0	0	0	0	0
40	90	30	190	10	180	40	230	50	0	190	0	60	90	275	290	0	0	120	120
50	100	40	200	20	190	50	240	60	0	200	10	70	100	285	300	10	0	130	130
0	0	0	70	0	60	0	110	0	0	70	0	0	0	155	170	0	0	0	0
0	0	0	70	0	60	0	110	0	0	70	0	0	0	155	170	0	0	0	0

0	0	10	0	30	0	0	0	0	50	0	40	0	0	0	0	40	50	0	0
50	0	60	0	80	0	50	0	40	100	0	90	30	0	0	0	90	100	0	0
0	0	0	0	20	0	0	0	0	40	0	30	0	0	0	0	30	40	0	0
150	100	160	0	180	10	150	0	140	200	0	190	130	100	0	0	190	200	70	70
0	0	0	0	0	0	0	0	0	20	0	10	0	0	0	0	10	20	0	0
140	90	150	0	170	0	140	0	130	190	0	180	120	90	0	0	180	190	60	60
0	0	10	0	30	0	0	0	0	50	0	40	0	0	0	0	40	50	0	0
190	140	200	40	220	50	190	0	180	240	40	230	170	140	0	0	230	240	110	110
10	0	20	0	40	0	10	0	0	60	0	50	0	0	0	0	50	60	0	0
0	0	0	0	0	0	0	0	0	0	0	0	0	0	0	0	0	0	0	0
150	100	160	0	180	10	150	0	140	200	0	190	130	100	0	0	190	200	70	70
0	0	0	0	0	0	0	0	0	10	0	0	0	0	0	0	0	10	0	0
20	0	30	0	50	0	20	0	10	70	0	60	0	0	0	0	60	70	0	0
50	0	60	0	80	0	50	0	40	100	0	90	30	0	0	0	90	100	0	0
235	185	245	85	265	95	235	45	225	285	85	275	215	185	0	0	275	285	155	155
250	200	260	100	280	110	250	60	240	300	100	290	230	200	15	0	290	300	170	170
0	0	0	0	0	0	0	0	0	10	0	0	0	0	0	0	0	10	0	0
0	0	0	0	0	0	0	0	0	0	0	0	0	0	0	0	0	0	0	0
80	30	90	0	110	0	80	0	70	130	0	120	60	30	0	0	120	130	0	0
80	30	90	0	110	0	80	0	70	130	0	120	60	30	0	0	120	130	0	0