1167 1564 1651 1699 1636 1641 1314 1682 1692 1570 1317 1582 1591 1697 1544 1565 1603 1676 1605 1586

41

163 110 98 92 100 100 143 94 93 109 143 107 106 92 112 110 105 95 104 107

53 18 14 15

9358

0	211	0	0	0	11	0	74	0	0	292	0	184	0	336	0	196	75	0	0
0	0	0	0	0	0	0	0	0	0	81	0	0	0	125	0	0	0	0	0
184	395	0	119	0	195	0	258	134	0	476	0	368	107	520	0	380	259	0	0
65	276	0	0	0	76	0	139	15	0	357	0	249	0	401	0	261	140	0	0
276	487	92	211	0	287	51	350	226	0	568	0	460	199	612	0	472	351	17	91
0	200	0	0	0	0	0	63	0	0	281	0	173	0	325	0	185	64	0	0
225	436	41	160	0	236	0	299	175	0	517	0	409	148	561	0	421	300	0	40
0	137	0	0	0	0	0	0	0	0	218	0	110	0	262	0	122	1	0	0
50	261	0	0	0	61	0	124	0	0	342	0	234	0	386	0	246	125	0	0
372	583	188	307	96	383	147	446	322	0	664	35	556	295	708	16	568	447	113	187
0	0	0	0	0	0	0	0	0	0	0	0	0	0	44	0	0	0	0	0
337	548	153	272	61	348	112	411	287	0	629	0	521	260	673	0	533	412	78	152
0	27	0	0	0	0	0	0	0	0	108	0	0	0	152	0	12	0	0	0
77	288	0	12	0	88	0	151	27	0	369	0	261	0	413	0	273	152	0	0
0	0	0	0	0	0	0	0	0	0	0	0	0	0	0	0	0	0	0	0
356	567	172	291	80	367	131	430	306	0	648	19	540	279	692	0	552	431	97	171
0	15	0	0	0	0	0	0	0	0	96	0	0	0	140	0	0	0	0	0
0	136	0	0	0	0	0	0	0	0	217	0	109	0	261	0	121	0	0	0
259	470	75	194	0	270	34	333	209	0	551	0	443	182	595	0	455	334	0	74
185	396	1	120	0	196	0	259	135	0	477	0	369	108	521	0	381	260	0	0

0	0	184	65	276	0	225	0	50	372	0	337	0	77	0	356	0	0	259	185
211	0	395	276	487	200	436	137	261	583	0	548	27	288	0	567	15	136	470	396
0	0	0	0	92	0	41	0	0	188	0	153	0	0	0	172	0	0	75	1
0	0	119	0	211	0	160	0	0	307	0	272	0	12	0	291	0	0	194	120
0	0	0	0	0	0	0	0	0	96	0	61	0	0	0	80	0	0	0	0
11	0	195	76	287	0	236	0	61	383	0	348	0	88	0	367	0	0	270	196
0	0	0	0	51	0	0	0	0	147	0	112	0	0	0	131	0	0	34	0
74	0	258	139	350	63	299	0	124	446	0	411	0	151	0	430	0	0	333	259
0	0	134	15	226	0	175	0	0	322	0	287	0	27	0	306	0	0	209	135
0	0	0	0	0	0	0	0	0	0	0	0	0	0	0	0	0	0	0	0
292	81	476	357	568	281	517	218	342	664	0	629	108	369	0	648	96	217	551	477
0	0	0	0	0	0	0	0	0	35	0	0	0	0	0	19	0	0	0	0
184	0	368	249	460	173	409	110	234	556	0	521	0	261	0	540	0	109	443	369
0	0	107	0	199	0	148	0	0	295	0	260	0	0	0	279	0	0	182	108
336	125	520	401	612	325	561	262	386	708	44	673	152	413	0	692	140	261	595	521
0	0	0	0	0	0	0	0	0	16	0	0	0	0	0	0	0	0	0	0
196	0	380	261	472	185	421	122	246	568	0	533	12	273	0	552	0	121	455	381
75	0	259	140	351	64	300	1	125	447	0	412	0	152	0	431	0	0	334	260
0	0	0	0	17	0	0	0	0	113	0	78	0	0	0	97	0	0	0	0
0	0	0	0	91	0	40	0	0	187	0	152	0	0	0	171	0	0	74	0

0	0	0	0	0	0	0	0	0	0	0	0	0	0	0	0	0	0	0	0
1070	0	0	20	50	200	800	70	0	60	585	0	190	40	50	100	0	110	0	200
1070	0	0	20	50	200	800	70	0	60	585	0	190	40	50	100	0	110	0	200
1050	0	0	0	30	180	780	50	0	40	565	0	170	20	30	80	0	90	0	180
1020	0	0	0	0	150	750	20	0	10	535	0	140	0	0	50	0	60	0	150
870	0	0	0	0	0	600	0	0	0	385	0	0	0	0	0	0	0	0	0
270	0	0	0	0	0	0	0	0	0	0	0	0	0	0	0	0	0	0	0
1000	0	0	0	0	130	730	0	0	0	515	0	120	0	0	30	0	40	0	130
1070	0	0	20	50	200	800	70	0	60	585	0	190	40	50	100	0	110	0	200
1010	0	0	0	0	140	740	10	0	0	525	0	130	0	0	40	0	50	0	140
485	0	0	0	0	0	215	0	0	0	0	0	0	0	0	0	0	0	0	0
1070	0	0	20	50	200	800	70	0	60	585	0	190	40	50	100	0	110	0	200
880	0	0	0	0	10	610	0	0	0	395	0	0	0	0	0	0	0	0	10
1030	0	0	0	10	160	760	30	0	20	545	0	150	0	10	60	0	70	0	160
1020	0	0	0	0	150	750	20	0	10	535	0	140	0	0	50	0	60	0	150
970	0	0	0	0	100	700	0	0	0	485	0	90	0	0	0	0	10	0	100
1115	45	45	65	95	245	845	115	45	105	630	45	235	85	95	145	0	155	20	245
960	0	0	0	0	90	690	0	0	0	475	0	80	0	0	0	0	0	0	90
1095	25	25	45	75	225	825	95	25	85	610	25	215	65	75	125	0	135	0	225
870	0	0	0	0	0	600	0	0	0	385	0	0	0	0	0	0	0	0	0

0	1070	1070	1050	1020	870	270	1000	1070	1010	485	1070	880	1030	1020	970	1115	960	1095	870
0	0	0	0	0	0	0	0	0	0	0	0	0	0	0	0	45	0	25	0
0	0	0	0	0	0	0	0	0	0	0	0	0	0	0	0	45	0	25	0
0	20	20	0	0	0	0	0	20	0	0	20	0	0	0	0	65	0	45	0
0	50	50	30	0	0	0	0	50	0	0	50	0	10	0	0	95	0	75	0
0	200	200	180	150	0	0	130	200	140	0	200	10	160	150	100	245	90	225	0
0	800	800	780	750	600	0	730	800	740	215	800	610	760	750	700	845	690	825	600
0	70	70	50	20	0	0	0	70	10	0	70	0	30	20	0	115	0	95	0
0	0	0	0	0	0	0	0	0	0	0	0	0	0	0	0	45	0	25	0
0	60	60	40	10	0	0	0	60	0	0	60	0	20	10	0	105	0	85	0
0	585	585	565	535	385	0	515	585	525	0	585	395	545	535	485	630	475	610	385
0	0	0	0	0	0	0	0	0	0	0	0	0	0	0	0	45	0	25	0
0	190	190	170	140	0	0	120	190	130	0	190	0	150	140	90	235	80	215	0
0	40	40	20	0	0	0	0	40	0	0	40	0	0	0	0	85	0	65	0
0	50	50	30	0	0	0	0	50	0	0	50	0	10	0	0	95	0	75	0
0	100	100	80	50	0	0	30	100	40	0	100	0	60	50	0	145	0	125	0
0	0	0	0	0	0	0	0	0	0	0	0	0	0	0	0	0	0	0	0
0	110	110	90	60	0	0	40	110	50	0	110	0	70	60	10	155	0	135	0
0	0	0	0	0	0	0	0	0	0	0	0	0	0	0	0	20	0	0	0
0	200	200	180	150	0	0	130	200	140	0	200	10	160	150	100	245	90	225	0