1778 1779 1438 1800 1769 1780 1781 1760 1722 1712 1787 1797 1748 1785 1807 1064 1671 1776 1774 1799

41

83 82 128 80 84 82 82 85 90 91 81 80 87 82 79 179 97 83 83 80

53 18 14 15

10344

0	157	448	101	64	7	172	236	322	293	178	153	0	69	165	0	367	247	19	180
0	0	291	0	0	0	15	79	165	136	21	0	0	0	8	0	210	90	0	23
0	0	0	0	0	0	0	0	0	0	0	0	0	0	0	0	0	0	0	0
0	56	347	0	0	0	71	135	221	192	77	52	0	0	64	0	266	146	0	79
0	93	384	37	0	0	108	172	258	229	114	89	0	5	101	0	303	183	0	116
0	150	441	94	57	0	165	229	315	286	171	146	0	62	158	0	360	240	12	173
0	0	276	0	0	0	0	64	150	121	6	0	0	0	0	0	195	75	0	8
0	0	212	0	0	0	0	0	86	57	0	0	0	0	0	0	131	11	0	0
0	0	126	0	0	0	0	0	0	0	0	0	0	0	0	0	45	0	0	0
0	0	155	0	0	0	0	0	29	0	0	0	0	0	0	0	74	0	0	0
0	0	270	0	0	0	0	58	144	115	0	0	0	0	0	0	189	69	0	2
0	4	295	0	0	0	19	83	169	140	25	0	0	0	12	0	214	94	0	27
0	157	448	101	64	7	172	236	322	293	178	153	0	69	165	0	367	247	19	180
0	88	379	32	0	0	103	167	253	224	109	84	0	0	96	0	298	178	0	111
0	0	283	0	0	0	7	71	157	128	13	0	0	0	0	0	202	82	0	15
177	334	625	278	241	184	349	413	499	470	355	330	177	246	342	0	544	424	196	357
0	0	81	0	0	0	0	0	0	0	0	0	0	0	0	0	0	0	0	0
0	0	201	0	0	0	0	0	75	46	0	0	0	0	0	0	120	0	0	0
0	138	429	82	45	0	153	217	303	274	159	134	0	50	146	0	348	228	0	161
0	0	268	0	0	0	0	56	142	113	0	0	0	0	0	0	187	67	0	0

0	0	0	0	0	0	0	0	0	0	0	0	0	0	0	177	0	0	0	0
157	0	0	56	93	150	0	0	0	0	0	4	157	88	0	334	0	0	138	0
448	291	0	347	384	441	276	212	126	155	270	295	448	379	283	625	81	201	429	268
101	0	0	0	37	94	0	0	0	0	0	0	101	32	0	278	0	0	82	0
64	0	0	0	0	57	0	0	0	0	0	0	64	0	0	241	0	0	45	0
7	0	0	0	0	0	0	0	0	0	0	0	7	0	0	184	0	0	0	0
172	15	0	71	108	165	0	0	0	0	0	19	172	103	7	349	0	0	153	0
236	79	0	135	172	229	64	0	0	0	58	83	236	167	71	413	0	0	217	56
322	165	0	221	258	315	150	86	0	29	144	169	322	253	157	499	0	75	303	142
293	136	0	192	229	286	121	57	0	0	115	140	293	224	128	470	0	46	274	113
178	21	0	77	114	171	6	0	0	0	0	25	178	109	13	355	0	0	159	0
153	0	0	52	89	146	0	0	0	0	0	0	153	84	0	330	0	0	134	0
0	0	0	0	0	0	0	0	0	0	0	0	0	0	0	177	0	0	0	0
69	0	0	0	5	62	0	0	0	0	0	0	69	0	0	246	0	0	50	0
165	8	0	64	101	158	0	0	0	0	0	12	165	96	0	342	0	0	146	0
0	0	0	0	0	0	0	0	0	0	0	0	0	0	0	0	0	0	0	0
367	210	0	266	303	360	195	131	45	74	189	214	367	298	202	544	0	120	348	187
247	90	0	146	183	240	75	11	0	0	69	94	247	178	82	424	0	0	228	67
19	0	0	0	0	12	0	0	0	0	0	0	19	0	0	196	0	0	0	0
180	23	0	79	116	173	8	0	0	0	2	27	180	111	15	357	0	0	161	0

0	0	300	0	0	0	100	90	0	140	0	30	0	0	0	970	150	0	0	0
100	0	400	90	25	100	200	190	100	240	10	130	30	100	70	1070	250	60	100	50
0	0	0	0	0	0	0	0	0	0	0	0	0	0	0	670	0	0	0	0
10	0	310	0	0	10	110	100	10	150	0	40	0	10	0	980	160	0	10	0
75	0	375	65	0	75	175	165	75	215	0	105	5	75	45	1045	225	35	75	25
0	0	300	0	0	0	100	90	0	140	0	30	0	0	0	970	150	0	0	0
0	0	200	0	0	0	0	0	0	40	0	0	0	0	0	870	50	0	0	0
0	0	210	0	0	0	10	0	0	50	0	0	0	0	0	880	60	0	0	0
0	0	300	0	0	0	100	90	0	140	0	30	0	0	0	970	150	0	0	0
0	0	160	0	0	0	0	0	0	0	0	0	0	0	0	830	10	0	0	0
90	0	390	80	15	90	190	180	90	230	0	120	20	90	60	1060	240	50	90	40
0	0	270	0	0	0	70	60	0	110	0	0	0	0	0	940	120	0	0	0
70	0	370	60	0	70	170	160	70	210	0	100	0	70	40	1040	220	30	70	20
0	0	300	0	0	0	100	90	0	140	0	30	0	0	0	970	150	0	0	0
30	0	330	20	0	30	130	120	30	170	0	60	0	30	0	1000	180	0	30	0
0	0	0	0	0	0	0	0	0	0	0	0	0	0	0	0	0	0	0	0
0	0	150	0	0	0	0	0	0	0	0	0	0	0	0	820	0	0	0	0
40	0	340	30	0	40	140	130	40	180	0	70	0	40	10	1010	190	0	40	0
0	0	300	0	0	0	100	90	0	140	0	30	0	0	0	970	150	0	0	0
50	0	350	40	0	50	150	140	50	190	0	80	0	50	20	1020	200	10	50	0

0	100	0	10	75	0	0	0	0	0	90	0	70	0	30	0	0	40	0	50
0	0	0	0	0	0	0	0	0	0	0	0	0	0	0	0	0	0	0	0
300	400	0	310	375	300	200	210	300	160	390	270	370	300	330	0	150	340	300	350
0	90	0	0	65	0	0	0	0	0	80	0	60	0	20	0	0	30	0	40
0	25	0	0	0	0	0	0	0	0	15	0	0	0	0	0	0	0	0	0
0	100	0	10	75	0	0	0	0	0	90	0	70	0	30	0	0	40	0	50
100	200	0	110	175	100	0	10	100	0	190	70	170	100	130	0	0	140	100	150
90	190	0	100	165	90	0	0	90	0	180	60	160	90	120	0	0	130	90	140
0	100	0	10	75	0	0	0	0	0	90	0	70	0	30	0	0	40	0	50
140	240	0	150	215	140	40	50	140	0	230	110	210	140	170	0	0	180	140	190
0	10	0	0	0	0	0	0	0	0	0	0	0	0	0	0	0	0	0	0
30	130	0	40	105	30	0	0	30	0	120	0	100	30	60	0	0	70	30	80
0	30	0	0	5	0	0	0	0	0	20	0	0	0	0	0	0	0	0	0
0	100	0	10	75	0	0	0	0	0	90	0	70	0	30	0	0	40	0	50
0	70	0	0	45	0	0	0	0	0	60	0	40	0	0	0	0	10	0	20
970	1070	670	980	1045	970	870	880	970	830	1060	940	1040	970	1000	0	820	1010	970	1020
150	250	0	160	225	150	50	60	150	10	240	120	220	150	180	0	0	190	150	200
0	60	0	0	35	0	0	0	0	0	50	0	30	0	0	0	0	0	0	10
0	100	0	10	75	0	0	0	0	0	90	0	70	0	30	0	0	40	0	50
0	50	0	0	25	0	0	0	0	0	40	0	20	0	0	0	0	0	0	0