1744 1752 1729 1755 1596 1497 1761 1594 1759 1609 1643 1761 1750 1644 1756 1686 1635 1556 1473 1754

41

77 76 79 75 94 106 75 95 75 93 89 75 76 89 75 84 90 99 109 76

53 18 14 15

10073

0	29	0	77	88	0	83	0	6	33	0	97	0	0	103	133	211	0	0	76
0	0	0	48	59	0	54	0	0	4	0	68	0	0	74	104	182	0	0	47
17	46	0	94	105	0	100	0	23	50	0	114	0	0	120	150	228	0	0	93
0	0	0	0	11	0	6	0	0	0	0	20	0	0	26	56	134	0	0	0
0	0	0	0	0	0	0	0	0	0	0	9	0	0	15	45	123	0	0	0
467	496	450	544	555	0	550	115	473	500	251	564	450	252	570	600	678	195	83	543
0	0	0	0	5	0	0	0	0	0	0	14	0	0	20	50	128	0	0	0
352	381	335	429	440	0	435	0	358	385	136	449	335	137	455	485	563	80	0	428
0	23	0	71	82	0	77	0	0	27	0	91	0	0	97	127	205	0	0	70
0	0	0	44	55	0	50	0	0	0	0	64	0	0	70	100	178	0	0	43
216	245	199	293	304	0	299	0	222	249	0	313	199	1	319	349	427	0	0	292
0	0	0	0	0	0	0	0	0	0	0	0	0	0	6	36	114	0	0	0
17	46	0	94	105	0	100	0	23	50	0	114	0	0	120	150	228	0	0	93
215	244	198	292	303	0	298	0	221	248	0	312	198	0	318	348	426	0	0	291
0	0	0	0	0	0	0	0	0	0	0	0	0	0	0	30	108	0	0	0
0	0	0	0	0	0	0	0	0	0	0	0	0	0	0	0	78	0	0	0
0	0	0	0	0	0	0	0	0	0	0	0	0	0	0	0	0	0	0	0
272	301	255	349	360	0	355	0	278	305	56	369	255	57	375	405	483	0	0	348
384	413	367	461	472	0	467	32	390	417	168	481	367	169	487	517	595	112	0	460
0	0	0	1	12	0	7	0	0	0	0	21	0	0	27	57	135	0	0	0

0	0	17	0	0	467	0	352	0	0	216	0	17	215	0	0	0	272	384	0
29	0	46	0	0	496	0	381	23	0	245	0	46	244	0	0	0	301	413	0
0	0	0	0	0	450	0	335	0	0	199	0	0	198	0	0	0	255	367	0
77	48	94	0	0	544	0	429	71	44	293	0	94	292	0	0	0	349	461	1
88	59	105	11	0	555	5	440	82	55	304	0	105	303	0	0	0	360	472	12
0	0	0	0	0	0	0	0	0	0	0	0	0	0	0	0	0	0	0	0
83	54	100	6	0	550	0	435	77	50	299	0	100	298	0	0	0	355	467	7
0	0	0	0	0	115	0	0	0	0	0	0	0	0	0	0	0	0	32	0
6	0	23	0	0	473	0	358	0	0	222	0	23	221	0	0	0	278	390	0
33	4	50	0	0	500	0	385	27	0	249	0	50	248	0	0	0	305	417	0
0	0	0	0	0	251	0	136	0	0	0	0	0	0	0	0	0	56	168	0
97	68	114	20	9	564	14	449	91	64	313	0	114	312	0	0	0	369	481	21
0	0	0	0	0	450	0	335	0	0	199	0	0	198	0	0	0	255	367	0
0	0	0	0	0	252	0	137	0	0	1	0	0	0	0	0	0	57	169	0
103	74	120	26	15	570	20	455	97	70	319	6	120	318	0	0	0	375	487	27
133	104	150	56	45	600	50	485	127	100	349	36	150	348	30	0	0	405	517	57
211	182	228	134	123	678	128	563	205	178	427	114	228	426	108	78	0	483	595	135
0	0	0	0	0	195	0	80	0	0	0	0	0	0	0	0	0	0	112	0
0	0	0	0	0	83	0	0	0	0	0	0	0	0	0	0	0	0	0	0
76	47	93	0	0	543	0	428	70	43	292	0	93	291	0	0	0	348	460	0

0	0	0	0	350	0	30	130	70	350	0	50	90	0	60	180	150	50	200	0
0	0	0	0	350	0	30	130	70	350	0	50	90	0	60	180	150	50	200	0
20	20	0	0	370	20	50	150	90	370	0	70	110	0	80	200	170	70	220	0
40	40	20	0	390	40	70	170	110	390	0	90	130	0	100	220	190	90	240	0
0	0	0	0	0	0	0	0	0	0	0	0	0	0	0	0	0	0	0	0
0	0	0	0	350	0	30	130	70	350	0	50	90	0	60	180	150	50	200	0
0	0	0	0	320	0	0	100	40	320	0	20	60	0	30	150	120	20	170	0
0	0	0	0	220	0	0	0	0	220	0	0	0	0	0	50	20	0	70	0
0	0	0	0	280	0	0	60	0	280	0	0	20	0	0	110	80	0	130	0
0	0	0	0	0	0	0	0	0	0	0	0	0	0	0	0	0	0	0	0
50	50	30	10	400	50	80	180	120	400	0	100	140	0	110	230	200	100	250	0
0	0	0	0	300	0	0	80	20	300	0	0	40	0	10	130	100	0	150	0
0	0	0	0	260	0	0	40	0	260	0	0	0	0	0	90	60	0	110	0
50	50	30	10	400	50	80	180	120	400	0	100	140	0	110	230	200	100	250	0
0	0	0	0	290	0	0	70	10	290	0	0	30	0	0	120	90	0	140	0
0	0	0	0	170	0	0	0	0	170	0	0	0	0	0	0	0	0	20	0
0	0	0	0	200	0	0	0	0	200	0	0	0	0	0	30	0	0	50	0
0	0	0	0	300	0	0	80	20	300	0	0	40	0	10	130	100	0	150	0
0	0	0	0	150	0	0	0	0	150	0	0	0	0	0	0	0	0	0	0
50	50	30	10	400	50	80	180	120	400	0	100	140	0	110	230	200	100	250	0

0	0	20	40	0	0	0	0	0	0	50	0	0	50	0	0	0	0	0	50
0	0	20	40	0	0	0	0	0	0	50	0	0	50	0	0	0	0	0	50
0	0	0	20	0	0	0	0	0	0	30	0	0	30	0	0	0	0	0	30
0	0	0	0	0	0	0	0	0	0	10	0	0	10	0	0	0	0	0	10
350	350	370	390	0	350	320	220	280	0	400	300	260	400	290	170	200	300	150	400
0	0	20	40	0	0	0	0	0	0	50	0	0	50	0	0	0	0	0	50
30	30	50	70	0	30	0	0	0	0	80	0	0	80	0	0	0	0	0	80
130	130	150	170	0	130	100	0	60	0	180	80	40	180	70	0	0	80	0	180
70	70	90	110	0	70	40	0	0	0	120	20	0	120	10	0	0	20	0	120
350	350	370	390	0	350	320	220	280	0	400	300	260	400	290	170	200	300	150	400
0	0	0	0	0	0	0	0	0	0	0	0	0	0	0	0	0	0	0	0
50	50	70	90	0	50	20	0	0	0	100	0	0	100	0	0	0	0	0	100
90	90	110	130	0	90	60	0	20	0	140	40	0	140	30	0	0	40	0	140
0	0	0	0	0	0	0	0	0	0	0	0	0	0	0	0	0	0	0	0
60	60	80	100	0	60	30	0	0	0	110	10	0	110	0	0	0	10	0	110
180	180	200	220	0	180	150	50	110	0	230	130	90	230	120	0	30	130	0	230
150	150	170	190	0	150	120	20	80	0	200	100	60	200	90	0	0	100	0	200
50	50	70	90	0	50	20	0	0	0	100	0	0	100	0	0	0	0	0	100
200	200	220	240	0	200	170	70	130	0	250	150	110	250	140	20	50	150	0	250
0	0	0	0	0	0	0	0	0	0	0	0	0	0	0	0	0	0	0	0