1611 1678 1535 1693 1628 1562 1551 1678 1680 1732 1714 1679 1576 1684 1712 1568 1568 1691 1597 1644

41

103 94 113 92 100 109 111 94 94 87 89 94 107 93 89 108 108 92 104 98

53 18 14 15

9707

0	79	526	187	260	0	620	105	110	310	429	429	605	215	318	705	715	465	56	465
0	0	447	108	181	0	541	26	31	231	350	350	526	136	239	626	636	386	0	386
0	0	0	0	0	0	94	0	0	0	0	0	79	0	0	179	189	0	0	0
0	0	339	0	73	0	433	0	0	123	242	242	418	28	131	518	528	278	0	278
0	0	266	0	0	0	360	0	0	50	169	169	345	0	58	445	455	205	0	205
45	124	571	232	305	0	665	150	155	355	474	474	650	260	363	750	760	510	101	510
0	0	0	0	0	0	0	0	0	0	0	0	0	0	0	85	95	0	0	0
0	0	421	82	155	0	515	0	5	205	324	324	500	110	213	600	610	360	0	360
0	0	416	77	150	0	510	0	0	200	319	319	495	105	208	595	605	355	0	355
0	0	216	0	0	0	310	0	0	0	119	119	295	0	8	395	405	155	0	155
0	0	97	0	0	0	191	0	0	0	0	0	176	0	0	276	286	36	0	36
0	0	97	0	0	0	191	0	0	0	0	0	176	0	0	276	286	36	0	36
0	0	0	0	0	0	15	0	0	0	0	0	0	0	0	100	110	0	0	0
0	0	311	0	45	0	405	0	0	95	214	214	390	0	103	490	500	250	0	250
0	0	208	0	0	0	302	0	0	0	111	111	287	0	0	387	397	147	0	147
0	0	0	0	0	0	0	0	0	0	0	0	0	0	0	0	10	0	0	0
0	0	0	0	0	0	0	0	0	0	0	0	0	0	0	0	0	0	0	0
0	0	61	0	0	0	155	0	0	0	0	0	140	0	0	240	250	0	0	0
0	23	470	131	204	0	564	49	54	254	373	373	549	159	262	649	659	409	0	409
0	0	61	0	0	0	155	0	0	0	0	0	140	0	0	240	250	0	0	0

0	0	0	0	0	45	0	0	0	0	0	0	0	0	0	0	0	0	0	0
79	0	0	0	0	124	0	0	0	0	0	0	0	0	0	0	0	0	23	0
526	447	0	339	266	571	0	421	416	216	97	97	0	311	208	0	0	61	470	61
187	108	0	0	0	232	0	82	77	0	0	0	0	0	0	0	0	0	131	0
260	181	0	73	0	305	0	155	150	0	0	0	0	45	0	0	0	0	204	0
0	0	0	0	0	0	0	0	0	0	0	0	0	0	0	0	0	0	0	0
620	541	94	433	360	665	0	515	510	310	191	191	15	405	302	0	0	155	564	155
105	26	0	0	0	150	0	0	0	0	0	0	0	0	0	0	0	0	49	0
110	31	0	0	0	155	0	5	0	0	0	0	0	0	0	0	0	0	54	0
310	231	0	123	50	355	0	205	200	0	0	0	0	95	0	0	0	0	254	0
429	350	0	242	169	474	0	324	319	119	0	0	0	214	111	0	0	0	373	0
429	350	0	242	169	474	0	324	319	119	0	0	0	214	111	0	0	0	373	0
605	526	79	418	345	650	0	500	495	295	176	176	0	390	287	0	0	140	549	140
215	136	0	28	0	260	0	110	105	0	0	0	0	0	0	0	0	0	159	0
318	239	0	131	58	363	0	213	208	8	0	0	0	103	0	0	0	0	262	0
705	626	179	518	445	750	85	600	595	395	276	276	100	490	387	0	0	240	649	240
715	636	189	528	455	760	95	610	605	405	286	286	110	500	397	10	0	250	659	250
465	386	0	278	205	510	0	360	355	155	36	36	0	250	147	0	0	0	409	0
56	0	0	0	0	101	0	0	0	0	0	0	0	0	0	0	0	0	0	0
465	386	0	278	205	510	0	360	355	155	36	36	0	250	147	0	0	0	409	0

0	90	350	0	350	170	320	45	130	100	30	250	310	0	150	8	150	0	0	0
0	0	260	0	260	80	230	0	40	10	0	160	220	0	60	0	60	0	0	0
0	0	0	0	0	0	0	0	0	0	0	0	0	0	0	0	0	0	0	0
0	90	350	0	350	170	320	45	130	100	30	250	310	0	150	8	150	0	0	0
0	0	0	0	0	0	0	0	0	0	0	0	0	0	0	0	0	0	0	0
0	0	180	0	180	0	150	0	0	0	0	80	140	0	0	0	0	0	0	0
0	0	30	0	30	0	0	0	0	0	0	0	0	0	0	0	0	0	0	0
0	45	305	0	305	125	275	0	85	55	0	205	265	0	105	0	105	0	0	0
0	0	220	0	220	40	190	0	0	0	0	120	180	0	20	0	20	0	0	0
0	0	250	0	250	70	220	0	30	0	0	150	210	0	50	0	50	0	0	0
0	60	320	0	320	140	290	15	100	70	0	220	280	0	120	0	120	0	0	0
0	0	100	0	100	0	70	0	0	0	0	0	60	0	0	0	0	0	0	0
0	0	40	0	40	0	10	0	0	0	0	0	0	0	0	0	0	0	0	0
20	110	370	20	370	190	340	65	150	120	50	270	330	0	170	28	170	20	0	0
0	0	200	0	200	20	170	0	0	0	0	100	160	0	0	0	0	0	0	0
0	82	342	0	342	162	312	37	122	92	22	242	302	0	142	0	142	0	0	0
0	0	200	0	200	20	170	0	0	0	0	100	160	0	0	0	0	0	0	0
0	90	350	0	350	170	320	45	130	100	30	250	310	0	150	8	150	0	0	0
20	110	370	20	370	190	340	65	150	120	50	270	330	0	170	28	170	20	0	0
90	180	440	90	440	260	410	135	220	190	120	340	400	70	240	98	240	90	70	0

0	0	0	0	0	0	0	0	0	0	0	0	0	20	0	0	0	0	20	90
90	0	0	90	0	0	0	45	0	0	60	0	0	110	0	82	0	90	110	180
350	260	0	350	0	180	30	305	220	250	320	100	40	370	200	342	200	350	370	440
0	0	0	0	0	0	0	0	0	0	0	0	0	20	0	0	0	0	20	90
350	260	0	350	0	180	30	305	220	250	320	100	40	370	200	342	200	350	370	440
170	80	0	170	0	0	0	125	40	70	140	0	0	190	20	162	20	170	190	260
320	230	0	320	0	150	0	275	190	220	290	70	10	340	170	312	170	320	340	410
45	0	0	45	0	0	0	0	0	0	15	0	0	65	0	37	0	45	65	135
130	40	0	130	0	0	0	85	0	30	100	0	0	150	0	122	0	130	150	220
100	10	0	100	0	0	0	55	0	0	70	0	0	120	0	92	0	100	120	190
30	0	0	30	0	0	0	0	0	0	0	0	0	50	0	22	0	30	50	120
250	160	0	250	0	80	0	205	120	150	220	0	0	270	100	242	100	250	270	340
310	220	0	310	0	140	0	265	180	210	280	60	0	330	160	302	160	310	330	400
0	0	0	0	0	0	0	0	0	0	0	0	0	0	0	0	0	0	0	70
150	60	0	150	0	0	0	105	20	50	120	0	0	170	0	142	0	150	170	240
8	0	0	8	0	0	0	0	0	0	0	0	0	28	0	0	0	8	28	98
150	60	0	150	0	0	0	105	20	50	120	0	0	170	0	142	0	150	170	240
0	0	0	0	0	0	0	0	0	0	0	0	0	20	0	0	0	0	20	90
0	0	0	0	0	0	0	0	0	0	0	0	0	0	0	0	0	0	0	70
0	0	0	0	0	0	0	0	0	0	0	0	0	0	0	0	0	0	0	0