1612 1162 1607 1617 1634 1675 1423 1628 1519 1579 1576 1464 1614 1137 1634 1506 1676 1656 1647 1553

41

95 150 96 95 93 87 118 93 107 99 100 113 95 153 93 108 87 90 91 102

53 18 14 15

9307

0	0	0	0	0	0	276	1	0	0	92	0	0	0	0	0	0	36	0	185
133	0	53	0	89	0	409	134	0	0	225	0	0	129	0	0	0	169	0	318
80	0	0	0	36	0	356	81	0	0	172	0	0	76	0	0	0	116	0	265
324	191	244	0	280	138	600	325	0	170	416	0	0	320	52	0	171	360	108	509
44	0	0	0	0	0	320	45	0	0	136	0	0	40	0	0	0	80	0	229
186	53	106	0	142	0	462	187	0	32	278	0	0	182	0	0	33	222	0	371
0	0	0	0	0	0	0	0	0	0	0	0	0	0	0	0	0	0	0	0
0	0	0	0	0	0	275	0	0	0	91	0	0	0	0	0	0	35	0	184
434	301	354	110	390	248	710	435	0	280	526	51	103	430	162	0	281	470	218	619
154	21	74	0	110	0	430	155	0	0	246	0	0	150	0	0	1	190	0	339
0	0	0	0	0	0	184	0	0	0	0	0	0	0	0	0	0	0	0	93
383	250	303	59	339	197	659	384	0	229	475	0	52	379	111	0	230	419	167	568
331	198	251	7	287	145	607	332	0	177	423	0	0	327	59	0	178	367	115	516
4	0	0	0	0	0	280	5	0	0	96	0	0	0	0	0	0	40	0	189
272	139	192	0	228	86	548	273	0	118	364	0	0	268	0	0	119	308	56	457
442	309	362	118	398	256	718	443	8	288	534	59	111	438	170	0	289	478	226	627
153	20	73	0	109	0	429	154	0	0	245	0	0	149	0	0	0	189	0	338
0	0	0	0	0	0	240	0	0	0	56	0	0	0	0	0	0	0	0	149
216	83	136	0	172	30	492	217	0	62	308	0	0	212	0	0	63	252	0	401
0	0	0	0	0	0	91	0	0	0	0	0	0	0	0	0	0	0	0	0

0	133	80	324	44	186	0	0	434	154	0	383	331	4	272	442	153	0	216	0
0	0	0	191	0	53	0	0	301	21	0	250	198	0	139	309	20	0	83	0
0	53	0	244	0	106	0	0	354	74	0	303	251	0	192	362	73	0	136	0
0	0	0	0	0	0	0	0	110	0	0	59	7	0	0	118	0	0	0	0
0	89	36	280	0	142	0	0	390	110	0	339	287	0	228	398	109	0	172	0
0	0	0	138	0	0	0	0	248	0	0	197	145	0	86	256	0	0	30	0
276	409	356	600	320	462	0	275	710	430	184	659	607	280	548	718	429	240	492	91
1	134	81	325	45	187	0	0	435	155	0	384	332	5	273	443	154	0	217	0
0	0	0	0	0	0	0	0	0	0	0	0	0	0	0	8	0	0	0	0
0	0	0	170	0	32	0	0	280	0	0	229	177	0	118	288	0	0	62	0
92	225	172	416	136	278	0	91	526	246	0	475	423	96	364	534	245	56	308	0
0	0	0	0	0	0	0	0	51	0	0	0	0	0	0	59	0	0	0	0
0	0	0	0	0	0	0	0	103	0	0	52	0	0	0	111	0	0	0	0
0	129	76	320	40	182	0	0	430	150	0	379	327	0	268	438	149	0	212	0
0	0	0	52	0	0	0	0	162	0	0	111	59	0	0	170	0	0	0	0
0	0	0	0	0	0	0	0	0	0	0	0	0	0	0	0	0	0	0	0
0	0	0	171	0	33	0	0	281	1	0	230	178	0	119	289	0	0	63	0
36	169	116	360	80	222	0	35	470	190	0	419	367	40	308	478	189	0	252	0
0	0	0	108	0	0	0	0	218	0	0	167	115	0	56	226	0	0	0	0
185	318	265	509	229	371	0	184	619	339	93	568	516	189	457	627	338	149	401	0

0	890	0	0	0	0	0	0	0	120	0	130	0	890	0	0	0	0	0	0
0	0	0	0	0	0	0	0	0	0	0	0	0	0	0	0	0	0	0	0
180	1070	0	0	100	50	100	150	160	300	0	310	20	1070	70	20	100	20	30	10
180	1070	0	0	100	50	100	150	160	300	0	310	20	1070	70	20	100	20	30	10
80	970	0	0	0	0	0	50	60	200	0	210	0	970	0	0	0	0	0	0
130	1020	0	0	50	0	50	100	110	250	0	260	0	1020	20	0	50	0	0	0
80	970	0	0	0	0	0	50	60	200	0	210	0	970	0	0	0	0	0	0
30	920	0	0	0	0	0	0	10	150	0	160	0	920	0	0	0	0	0	0
20	910	0	0	0	0	0	0	0	140	0	150	0	910	0	0	0	0	0	0
0	770	0	0	0	0	0	0	0	0	0	10	0	770	0	0	0	0	0	0
205	1095	25	25	125	75	125	175	185	325	0	335	45	1095	95	45	125	45	55	35
0	760	0	0	0	0	0	0	0	0	0	0	0	760	0	0	0	0	0	0
160	1050	0	0	80	30	80	130	140	280	0	290	0	1050	50	0	80	0	10	0
0	0	0	0	0	0	0	0	0	0	0	0	0	0	0	0	0	0	0	0
110	1000	0	0	30	0	30	80	90	230	0	240	0	1000	0	0	30	0	0	0
160	1050	0	0	80	30	80	130	140	280	0	290	0	1050	50	0	80	0	10	0
80	970	0	0	0	0	0	50	60	200	0	210	0	970	0	0	0	0	0	0
160	1050	0	0	80	30	80	130	140	280	0	290	0	1050	50	0	80	0	10	0
150	1040	0	0	70	20	70	120	130	270	0	280	0	1040	40	0	70	0	0	0
170	1060	0	0	90	40	90	140	150	290	0	300	10	1060	60	10	90	10	20	0

0	0	180	180	80	130	80	30	20	0	205	0	160	0	110	160	80	160	150	170
890	0	1070	1070	970	1020	970	920	910	770	1095	760	1050	0	1000	1050	970	1050	1040	1060
0	0	0	0	0	0	0	0	0	0	25	0	0	0	0	0	0	0	0	0
0	0	0	0	0	0	0	0	0	0	25	0	0	0	0	0	0	0	0	0
0	0	100	100	0	50	0	0	0	0	125	0	80	0	30	80	0	80	70	90
0	0	50	50	0	0	0	0	0	0	75	0	30	0	0	30	0	30	20	40
0	0	100	100	0	50	0	0	0	0	125	0	80	0	30	80	0	80	70	90
0	0	150	150	50	100	50	0	0	0	175	0	130	0	80	130	50	130	120	140
0	0	160	160	60	110	60	10	0	0	185	0	140	0	90	140	60	140	130	150
120	0	300	300	200	250	200	150	140	0	325	0	280	0	230	280	200	280	270	290
0	0	0	0	0	0	0	0	0	0	0	0	0	0	0	0	0	0	0	0
130	0	310	310	210	260	210	160	150	10	335	0	290	0	240	290	210	290	280	300
0	0	20	20	0	0	0	0	0	0	45	0	0	0	0	0	0	0	0	10
890	0	1070	1070	970	1020	970	920	910	770	1095	760	1050	0	1000	1050	970	1050	1040	1060
0	0	70	70	0	20	0	0	0	0	95	0	50	0	0	50	0	50	40	60
0	0	20	20	0	0	0	0	0	0	45	0	0	0	0	0	0	0	0	10
0	0	100	100	0	50	0	0	0	0	125	0	80	0	30	80	0	80	70	90
0	0	20	20	0	0	0	0	0	0	45	0	0	0	0	0	0	0	0	10
0	0	30	30	0	0	0	0	0	0	55	0	10	0	0	10	0	10	0	20
0	0	10	10	0	0	0	0	0	0	35	0	0	0	0	0	0	0	0	0