1621 1640 1630 1496 1080 1470 1686 1632 1669 1530 1643 1629 1649 1674 1684 1443 1503 1620 1329 1618

41

96 93 94 111 163 114 87 94 90 107 93 95 92 89 88 118 110 96 132 96

53 18 14 15

8937

0	170	90	500	315	456	170	0	87	508	269	330	244	120	204	520	0	0	0	0
0	0	0	330	145	286	0	0	0	338	99	160	74	0	34	350	0	0	0	0
0	80	0	410	225	366	80	0	0	418	179	240	154	30	114	430	0	0	0	0
0	0	0	0	0	0	0	0	0	8	0	0	0	0	0	20	0	0	0	0
0	0	0	185	0	141	0	0	0	193	0	15	0	0	0	205	0	0	0	0
0	0	0	44	0	0	0	0	0	52	0	0	0	0	0	64	0	0	0	0
0	0	0	330	145	286	0	0	0	338	99	160	74	0	34	350	0	0	0	0
50	220	140	550	365	506	220	0	137	558	319	380	294	170	254	570	0	0	32	0
0	83	3	413	228	369	83	0	0	421	182	243	157	33	117	433	0	0	0	0
0	0	0	0	0	0	0	0	0	0	0	0	0	0	0	12	0	0	0	0
0	0	0	231	46	187	0	0	0	239	0	61	0	0	0	251	0	0	0	0
0	0	0	170	0	126	0	0	0	178	0	0	0	0	0	190	0	0	0	0
0	0	0	256	71	212	0	0	0	264	25	86	0	0	0	276	0	0	0	0
0	50	0	380	195	336	50	0	0	388	149	210	124	0	84	400	0	0	0	0
0	0	0	296	111	252	0	0	0	304	65	126	40	0	0	316	0	0	0	0
0	0	0	0	0	0	0	0	0	0	0	0	0	0	0	0	0	0	0	0
167	337	257	667	482	623	337	117	254	675	436	497	411	287	371	687	0	113	149	112
54	224	144	554	369	510	224	4	141	562	323	384	298	174	258	574	0	0	36	0
18	188	108	518	333	474	188	0	105	526	287	348	262	138	222	538	0	0	0	0
55	225	145	555	370	511	225	5	142	563	324	385	299	175	259	575	0	1	37	0

0	0	0	0	0	0	0	50	0	0	0	0	0	0	0	0	167	54	18	55
170	0	80	0	0	0	0	220	83	0	0	0	0	50	0	0	337	224	188	225
90	0	0	0	0	0	0	140	3	0	0	0	0	0	0	0	257	144	108	145
500	330	410	0	185	44	330	550	413	0	231	170	256	380	296	0	667	554	518	555
315	145	225	0	0	0	145	365	228	0	46	0	71	195	111	0	482	369	333	370
456	286	366	0	141	0	286	506	369	0	187	126	212	336	252	0	623	510	474	511
170	0	80	0	0	0	0	220	83	0	0	0	0	50	0	0	337	224	188	225
0	0	0	0	0	0	0	0	0	0	0	0	0	0	0	0	117	4	0	5
87	0	0	0	0	0	0	137	0	0	0	0	0	0	0	0	254	141	105	142
508	338	418	8	193	52	338	558	421	0	239	178	264	388	304	0	675	562	526	563
269	99	179	0	0	0	99	319	182	0	0	0	25	149	65	0	436	323	287	324
330	160	240	0	15	0	160	380	243	0	61	0	86	210	126	0	497	384	348	385
244	74	154	0	0	0	74	294	157	0	0	0	0	124	40	0	411	298	262	299
120	0	30	0	0	0	0	170	33	0	0	0	0	0	0	0	287	174	138	175
204	34	114	0	0	0	34	254	117	0	0	0	0	84	0	0	371	258	222	259
520	350	430	20	205	64	350	570	433	12	251	190	276	400	316	0	687	574	538	575
0	0	0	0	0	0	0	0	0	0	0	0	0	0	0	0	0	0	0	0
0	0	0	0	0	0	0	0	0	0	0	0	0	0	0	0	113	0	0	1
0	0	0	0	0	0	0	32	0	0	0	0	0	0	0	0	149	36	0	37
0	0	0	0	0	0	0	0	0	0	0	0	0	0	0	0	112	0	0	0

0	0	325	125	1095	205	65	135	25	55	175	75	175	125	75	405	165	125	610	125
25	0	350	150	1120	230	90	160	50	80	200	100	200	150	100	430	190	150	635	150
0	0	0	0	770	0	0	0	0	0	0	0	0	0	0	80	0	0	285	0
0	0	200	0	970	80	0	10	0	0	50	0	50	0	0	280	40	0	485	0
0	0	0	0	0	0	0	0	0	0	0	0	0	0	0	0	0	0	0	0
0	0	120	0	890	0	0	0	0	0	0	0	0	0	0	200	0	0	405	0
0	0	260	60	1030	140	0	70	0	0	110	10	110	60	10	340	100	60	545	60
0	0	190	0	960	70	0	0	0	0	40	0	40	0	0	270	30	0	475	0
0	0	300	100	1070	180	40	110	0	30	150	50	150	100	50	380	140	100	585	100
0	0	270	70	1040	150	10	80	0	0	120	20	120	70	20	350	110	70	555	70
0	0	150	0	920	30	0	0	0	0	0	0	0	0	0	230	0	0	435	0
0	0	250	50	1020	130	0	60	0	0	100	0	100	50	0	330	90	50	535	50
0	0	150	0	920	30	0	0	0	0	0	0	0	0	0	230	0	0	435	0
0	0	200	0	970	80	0	10	0	0	50	0	50	0	0	280	40	0	485	0
0	0	250	50	1020	130	0	60	0	0	100	0	100	50	0	330	90	50	535	50
0	0	0	0	690	0	0	0	0	0	0	0	0	0	0	0	0	0	205	0
0	0	160	0	930	40	0	0	0	0	10	0	10	0	0	240	0	0	445	0
0	0	200	0	970	80	0	10	0	0	50	0	50	0	0	280	40	0	485	0
0	0	0	0	485	0	0	0	0	0	0	0	0	0	0	0	0	0	0	0
0	0	200	0	970	80	0	10	0	0	50	0	50	0	0	280	40	0	485	0

0	25	0	0	0	0	0	0	0	0	0	0	0	0	0	0	0	0	0	0
0	0	0	0	0	0	0	0	0	0	0	0	0	0	0	0	0	0	0	0
325	350	0	200	0	120	260	190	300	270	150	250	150	200	250	0	160	200	0	200
125	150	0	0	0	0	60	0	100	70	0	50	0	0	50	0	0	0	0	0
1095	1120	770	970	0	890	1030	960	1070	1040	920	1020	920	970	1020	690	930	970	485	970
205	230	0	80	0	0	140	70	180	150	30	130	30	80	130	0	40	80	0	80
65	90	0	0	0	0	0	0	40	10	0	0	0	0	0	0	0	0	0	0
135	160	0	10	0	0	70	0	110	80	0	60	0	10	60	0	0	10	0	10
25	50	0	0	0	0	0	0	0	0	0	0	0	0	0	0	0	0	0	0
55	80	0	0	0	0	0	0	30	0	0	0	0	0	0	0	0	0	0	0
175	200	0	50	0	0	110	40	150	120	0	100	0	50	100	0	10	50	0	50
75	100	0	0	0	0	10	0	50	20	0	0	0	0	0	0	0	0	0	0
175	200	0	50	0	0	110	40	150	120	0	100	0	50	100	0	10	50	0	50
125	150	0	0	0	0	60	0	100	70	0	50	0	0	50	0	0	0	0	0
75	100	0	0	0	0	10	0	50	20	0	0	0	0	0	0	0	0	0	0
405	430	80	280	0	200	340	270	380	350	230	330	230	280	330	0	240	280	0	280
165	190	0	40	0	0	100	30	140	110	0	90	0	40	90	0	0	40	0	40
125	150	0	0	0	0	60	0	100	70	0	50	0	0	50	0	0	0	0	0
610	635	285	485	0	405	545	475	585	555	435	535	435	485	535	205	445	485	0	485
125	150	0	0	0	0	60	0	100	70	0	50	0	0	50	0	0	0	0	0