1510 1650 1589 1639 1667 1697 1235 1517 1677 1612 1634 1658 1637 1601 1527 1615 1673 1676 1648 1247

41

117 98 107 100 96 92 154 116 95 103 101 97 100 105 115 103 95 95 99 152

53 18 14 15

9752

0	438	1	348	161	403	485	680	359	58	492	390	118	578	718	234	501	482	193	148
0	0	0	0	0	0	47	242	0	0	54	0	0	140	280	0	63	44	0	0
0	437	0	347	160	402	484	679	358	57	491	389	117	577	717	233	500	481	192	147
0	90	0	0	0	55	137	332	11	0	144	42	0	230	370	0	153	134	0	0
0	277	0	187	0	242	324	519	198	0	331	229	0	417	557	73	340	321	32	0
0	35	0	0	0	0	82	277	0	0	89	0	0	175	315	0	98	79	0	0
0	0	0	0	0	0	0	195	0	0	7	0	0	93	233	0	16	0	0	0
0	0	0	0	0	0	0	0	0	0	0	0	0	0	38	0	0	0	0	0
0	79	0	0	0	44	126	321	0	0	133	31	0	219	359	0	142	123	0	0
0	380	0	290	103	345	427	622	301	0	434	332	60	520	660	176	443	424	135	90
0	0	0	0	0	0	0	188	0	0	0	0	0	86	226	0	9	0	0	0
0	48	0	0	0	13	95	290	0	0	102	0	0	188	328	0	111	92	0	0
0	320	0	230	43	285	367	562	241	0	374	272	0	460	600	116	383	364	75	30
0	0	0	0	0	0	0	102	0	0	0	0	0	0	140	0	0	0	0	0
0	0	0	0	0	0	0	0	0	0	0	0	0	0	0	0	0	0	0	0
0	204	0	114	0	169	251	446	125	0	258	156	0	344	484	0	267	248	0	0
0	0	0	0	0	0	0	179	0	0	0	0	0	77	217	0	0	0	0	0
0	0	0	0	0	0	3	198	0	0	10	0	0	96	236	0	19	0	0	0
0	245	0	155	0	210	292	487	166	0	299	197	0	385	525	41	308	289	0	0
0	290	0	200	13	255	337	532	211	0	344	242	0	430	570	86	353	334	45	0

0	0	0	0	0	0	0	0	0	0	0	0	0	0	0	0	0	0	0	0
438	0	437	90	277	35	0	0	79	380	0	48	320	0	0	204	0	0	245	290
1	0	0	0	0	0	0	0	0	0	0	0	0	0	0	0	0	0	0	0
348	0	347	0	187	0	0	0	0	290	0	0	230	0	0	114	0	0	155	200
161	0	160	0	0	0	0	0	0	103	0	0	43	0	0	0	0	0	0	13
403	0	402	55	242	0	0	0	44	345	0	13	285	0	0	169	0	0	210	255
485	47	484	137	324	82	0	0	126	427	0	95	367	0	0	251	0	3	292	337
680	242	679	332	519	277	195	0	321	622	188	290	562	102	0	446	179	198	487	532
359	0	358	11	198	0	0	0	0	301	0	0	241	0	0	125	0	0	166	211
58	0	57	0	0	0	0	0	0	0	0	0	0	0	0	0	0	0	0	0
492	54	491	144	331	89	7	0	133	434	0	102	374	0	0	258	0	10	299	344
390	0	389	42	229	0	0	0	31	332	0	0	272	0	0	156	0	0	197	242
118	0	117	0	0	0	0	0	0	60	0	0	0	0	0	0	0	0	0	0
578	140	577	230	417	175	93	0	219	520	86	188	460	0	0	344	77	96	385	430
718	280	717	370	557	315	233	38	359	660	226	328	600	140	0	484	217	236	525	570
234	0	233	0	73	0	0	0	0	176	0	0	116	0	0	0	0	0	41	86
501	63	500	153	340	98	16	0	142	443	9	111	383	0	0	267	0	19	308	353
482	44	481	134	321	79	0	0	123	424	0	92	364	0	0	248	0	0	289	334
193	0	192	0	32	0	0	0	0	135	0	0	75	0	0	0	0	0	0	45
148	0	147	0	0	0	0	0	0	90	0	0	30	0	0	0	0	0	0	0

0	0	0	0	0	0	620	0	0	0	0	0	0	0	0	0	0	0	0	420
180	0	0	100	0	0	800	0	0	0	100	40	0	0	0	0	0	0	0	600
300	120	0	220	0	0	920	0	0	20	220	160	0	0	0	80	20	0	0	720
80	0	0	0	0	0	700	0	0	0	0	0	0	0	0	0	0	0	0	500
350	170	50	270	0	20	970	0	0	70	270	210	50	0	50	130	70	0	0	770
330	150	30	250	0	0	950	0	0	50	250	190	30	0	30	110	50	0	0	750
0	0	0	0	0	0	0	0	0	0	0	0	0	0	0	0	0	0	0	0
370	190	70	290	20	40	990	0	0	90	290	230	70	0	70	150	90	20	20	790
380	200	80	300	30	50	1000	10	0	100	300	240	80	0	80	160	100	30	30	800
280	100	0	200	0	0	900	0	0	0	200	140	0	0	0	60	0	0	0	700
80	0	0	0	0	0	700	0	0	0	0	0	0	0	0	0	0	0	0	500
140	0	0	60	0	0	760	0	0	0	60	0	0	0	0	0	0	0	0	560
300	120	0	220	0	0	920	0	0	20	220	160	0	0	0	80	20	0	0	720
380	200	80	300	30	50	1000	10	0	100	300	240	80	0	80	160	100	30	30	800
300	120	0	220	0	0	920	0	0	20	220	160	0	0	0	80	20	0	0	720
220	40	0	140	0	0	840	0	0	0	140	80	0	0	0	0	0	0	0	640
280	100	0	200	0	0	900	0	0	0	200	140	0	0	0	60	0	0	0	700
350	170	50	270	0	20	970	0	0	70	270	210	50	0	50	130	70	0	0	770
350	170	50	270	0	20	970	0	0	70	270	210	50	0	50	130	70	0	0	770
0	0	0	0	0	0	200	0	0	0	0	0	0	0	0	0	0	0	0	0

0	180	300	80	350	330	0	370	380	280	80	140	300	380	300	220	280	350	350	0
0	0	120	0	170	150	0	190	200	100	0	0	120	200	120	40	100	170	170	0
0	0	0	0	50	30	0	70	80	0	0	0	0	80	0	0	0	50	50	0
0	100	220	0	270	250	0	290	300	200	0	60	220	300	220	140	200	270	270	0
0	0	0	0	0	0	0	20	30	0	0	0	0	30	0	0	0	0	0	0
0	0	0	0	20	0	0	40	50	0	0	0	0	50	0	0	0	20	20	0
620	800	920	700	970	950	0	990	1000	900	700	760	920	1000	920	840	900	970	970	200
0	0	0	0	0	0	0	0	10	0	0	0	0	10	0	0	0	0	0	0
0	0	0	0	0	0	0	0	0	0	0	0	0	0	0	0	0	0	0	0
0	0	20	0	70	50	0	90	100	0	0	0	20	100	20	0	0	70	70	0
0	100	220	0	270	250	0	290	300	200	0	60	220	300	220	140	200	270	270	0
0	40	160	0	210	190	0	230	240	140	0	0	160	240	160	80	140	210	210	0
0	0	0	0	50	30	0	70	80	0	0	0	0	80	0	0	0	50	50	0
0	0	0	0	0	0	0	0	0	0	0	0	0	0	0	0	0	0	0	0
0	0	0	0	50	30	0	70	80	0	0	0	0	80	0	0	0	50	50	0
0	0	80	0	130	110	0	150	160	60	0	0	80	160	80	0	60	130	130	0
0	0	20	0	70	50	0	90	100	0	0	0	20	100	20	0	0	70	70	0
0	0	0	0	0	0	0	20	30	0	0	0	0	30	0	0	0	0	0	0
0	0	0	0	0	0	0	20	30	0	0	0	0	30	0	0	0	0	0	0
420	600	720	500	770	750	0	790	800	700	500	560	720	800	720	640	700	770	770	0