1453 1716 1506 1721 1694 1685 1722 1746 1728 1707 1682 1716 1747 1758 1758 957 1725 1740 1612 1232

41

162 116 153 115 120 122 115 111 114 118 122 116 111 109 109 247 115 112 134 200

53 18 14 15

9775

0	0	0	0	0	0	0	0	0	0	0	0	0	0	0	0	0	0	0	0
307	0	0	0	42	0	0	0	0	0	0	47	0	0	0	0	0	0	257	0
324	17	0	0	59	0	0	0	0	0	0	64	0	0	0	0	0	0	274	0
545	238	221	0	280	221	188	116	5	0	0	285	100	215	215	0	158	149	495	0
265	0	0	0	0	0	0	0	0	0	0	5	0	0	0	0	0	0	215	0
324	17	0	0	59	0	0	0	0	0	0	64	0	0	0	0	0	0	274	0
357	50	33	0	92	33	0	0	0	0	0	97	0	27	27	0	0	0	307	0
429	122	105	0	164	105	72	0	0	0	0	169	0	99	99	0	42	33	379	0
540	233	216	0	275	216	183	111	0	0	0	280	95	210	210	0	153	144	490	0
558	251	234	13	293	234	201	129	18	0	0	298	113	228	228	0	171	162	508	0
580	273	256	35	315	256	223	151	40	22	0	320	135	250	250	5	193	184	530	0
260	0	0	0	0	0	0	0	0	0	0	0	0	0	0	0	0	0	210	0
445	138	121	0	180	121	88	16	0	0	0	185	0	115	115	0	58	49	395	0
330	23	6	0	65	6	0	0	0	0	0	70	0	0	0	0	0	0	280	0
330	23	6	0	65	6	0	0	0	0	0	70	0	0	0	0	0	0	280	0
575	268	251	30	310	251	218	146	35	17	0	315	130	245	245	0	188	179	525	0
387	80	63	0	122	63	30	0	0	0	0	127	0	57	57	0	0	0	337	0
396	89	72	0	131	72	39	0	0	0	0	136	0	66	66	0	9	0	346	0
50	0	0	0	0	0	0	0	0	0	0	0	0	0	0	0	0	0	0	0
832	525	508	287	567	508	475	403	292	274	252	572	387	502	502	257	445	436	782	0

0	307	324	545	265	324	357	429	540	558	580	260	445	330	330	575	387	396	50	832
0	0	17	238	0	17	50	122	233	251	273	0	138	23	23	268	80	89	0	525
0	0	0	221	0	0	33	105	216	234	256	0	121	6	6	251	63	72	0	508
0	0	0	0	0	0	0	0	0	13	35	0	0	0	0	30	0	0	0	287
0	42	59	280	0	59	92	164	275	293	315	0	180	65	65	310	122	131	0	567
0	0	0	221	0	0	33	105	216	234	256	0	121	6	6	251	63	72	0	508
0	0	0	188	0	0	0	72	183	201	223	0	88	0	0	218	30	39	0	475
0	0	0	116	0	0	0	0	111	129	151	0	16	0	0	146	0	0	0	403
0	0	0	5	0	0	0	0	0	18	40	0	0	0	0	35	0	0	0	292
0	0	0	0	0	0	0	0	0	0	22	0	0	0	0	17	0	0	0	274
0	0	0	0	0	0	0	0	0	0	0	0	0	0	0	0	0	0	0	252
0	47	64	285	5	64	97	169	280	298	320	0	185	70	70	315	127	136	0	572
0	0	0	100	0	0	0	0	95	113	135	0	0	0	0	130	0	0	0	387
0	0	0	215	0	0	27	99	210	228	250	0	115	0	0	245	57	66	0	502
0	0	0	215	0	0	27	99	210	228	250	0	115	0	0	245	57	66	0	502
0	0	0	0	0	0	0	0	0	0	5	0	0	0	0	0	0	0	0	257
0	0	0	158	0	0	0	42	153	171	193	0	58	0	0	188	0	9	0	445
0	0	0	149	0	0	0	33	144	162	184	0	49	0	0	179	0	0	0	436
0	257	274	495	215	274	307	379	490	508	530	210	395	280	280	525	337	346	0	782
0	0	0	0	0	0	0	0	0	0	0	0	0	0	0	0	0	0	0	0

0	0	650	90	50	230	150	50	0	0	0	0	0	0	10	1650	120	30	0	0
100	0	750	190	150	330	250	150	100	0	0	0	50	80	110	1750	220	130	0	0
0	0	0	0	0	0	0	0	0	0	0	0	0	0	0	1000	0	0	0	0
0	0	560	0	0	140	60	0	0	0	0	0	0	0	0	1560	30	0	0	0
0	0	600	40	0	180	100	0	0	0	0	0	0	0	0	1600	70	0	0	0
0	0	420	0	0	0	0	0	0	0	0	0	0	0	0	1420	0	0	0	0
0	0	500	0	0	80	0	0	0	0	0	0	0	0	0	1500	0	0	0	0
0	0	600	40	0	180	100	0	0	0	0	0	0	0	0	1600	70	0	0	0
0	0	650	90	50	230	150	50	0	0	0	0	0	0	10	1650	120	30	0	0
110	10	760	200	160	340	260	160	110	0	0	0	60	90	120	1760	230	140	0	10
150	50	800	240	200	380	300	200	150	40	0	25	100	130	160	1800	270	180	0	50
125	25	775	215	175	355	275	175	125	15	0	0	75	105	135	1775	245	155	0	25
50	0	700	140	100	280	200	100	50	0	0	0	0	30	60	1700	170	80	0	0
20	0	670	110	70	250	170	70	20	0	0	0	0	0	30	1670	140	50	0	0
0	0	640	80	40	220	140	40	0	0	0	0	0	0	0	1640	110	20	0	0
0	0	0	0	0	0	0	0	0	0	0	0	0	0	0	0	0	0	0	0
0	0	530	0	0	110	30	0	0	0	0	0	0	0	0	1530	0	0	0	0
0	0	620	60	20	200	120	20	0	0	0	0	0	0	0	1620	90	0	0	0
150	50	800	240	200	380	300	200	150	40	0	25	100	130	160	1800	270	180	0	50
100	0	750	190	150	330	250	150	100	0	0	0	50	80	110	1750	220	130	0	0

0	100	0	0	0	0	0	0	0	110	150	125	50	20	0	0	0	0	150	100
0	0	0	0	0	0	0	0	0	10	50	25	0	0	0	0	0	0	50	0
650	750	0	560	600	420	500	600	650	760	800	775	700	670	640	0	530	620	800	750
90	190	0	0	40	0	0	40	90	200	240	215	140	110	80	0	0	60	240	190
50	150	0	0	0	0	0	0	50	160	200	175	100	70	40	0	0	20	200	150
230	330	0	140	180	0	80	180	230	340	380	355	280	250	220	0	110	200	380	330
150	250	0	60	100	0	0	100	150	260	300	275	200	170	140	0	30	120	300	250
50	150	0	0	0	0	0	0	50	160	200	175	100	70	40	0	0	20	200	150
0	100	0	0	0	0	0	0	0	110	150	125	50	20	0	0	0	0	150	100
0	0	0	0	0	0	0	0	0	0	40	15	0	0	0	0	0	0	40	0
0	0	0	0	0	0	0	0	0	0	0	0	0	0	0	0	0	0	0	0
0	0	0	0	0	0	0	0	0	0	25	0	0	0	0	0	0	0	25	0
0	50	0	0	0	0	0	0	0	60	100	75	0	0	0	0	0	0	100	50
0	80	0	0	0	0	0	0	0	90	130	105	30	0	0	0	0	0	130	80
10	110	0	0	0	0	0	0	10	120	160	135	60	30	0	0	0	0	160	110
1650	1750	1000	1560	1600	1420	1500	1600	1650	1760	1800	1775	1700	1670	1640	0	1530	1620	1800	1750
120	220	0	30	70	0	0	70	120	230	270	245	170	140	110	0	0	90	270	220
30	130	0	0	0	0	0	0	30	140	180	155	80	50	20	0	0	0	180	130
0	0	0	0	0	0	0	0	0	0	0	0	0	0	0	0	0	0	0	0
0	0	0	0	0	0	0	0	0	10	50	25	0	0	0	0	0	0	50	0