1697 1669 1750 1668 1711 1724 1275 1668 1713 1739 1540 1723 1531 1729 1614 1673 1733 1556 1735 1751

41

94 98 87 98 93 91 152 98 92 89 116 91 117 90 106 98 90 114 89 87

53 18 14 15

10219

0	286	110	320	103	220	81	0	0	32	382	250	0	0	0	0	207	520	161	80
0	0	0	34	0	0	0	0	0	0	96	0	0	0	0	0	0	234	0	0
0	176	0	210	0	110	0	0	0	0	272	140	0	0	0	0	97	410	51	0
0	0	0	0	0	0	0	0	0	0	62	0	0	0	0	0	0	200	0	0
0	183	7	217	0	117	0	0	0	0	279	147	0	0	0	0	104	417	58	0
0	66	0	100	0	0	0	0	0	0	162	30	0	0	0	0	0	300	0	0
0	205	29	239	22	139	0	0	0	0	301	169	0	0	0	0	126	439	80	0
40	326	150	360	143	260	121	0	0	72	422	290	0	15	13	0	247	560	201	120
62	348	172	382	165	282	143	22	0	94	444	312	0	37	35	0	269	582	223	142
0	254	78	288	71	188	49	0	0	0	350	218	0	0	0	0	175	488	129	48
0	0	0	0	0	0	0	0	0	0	0	0	0	0	0	0	0	138	0	0
0	36	0	70	0	0	0	0	0	0	132	0	0	0	0	0	0	270	0	0
274	560	384	594	377	494	355	234	212	306	656	524	0	249	247	190	481	794	435	354
25	311	135	345	128	245	106	0	0	57	407	275	0	0	0	0	232	545	186	105
27	313	137	347	130	247	108	0	0	59	409	277	0	2	0	0	234	547	188	107
84	370	194	404	187	304	165	44	22	116	466	334	0	59	57	0	291	604	245	164
0	79	0	113	0	13	0	0	0	0	175	43	0	0	0	0	0	313	0	0
0	0	0	0	0	0	0	0	0	0	0	0	0	0	0	0	0	0	0	0
0	125	0	159	0	59	0	0	0	0	221	89	0	0	0	0	46	359	0	0
0	206	30	240	23	140	1	0	0	0	302	170	0	0	0	0	127	440	81	0

0	0	0	0	0	0	0	40	62	0	0	0	274	25	27	84	0	0	0	0
286	0	176	0	183	66	205	326	348	254	0	36	560	311	313	370	79	0	125	206
110	0	0	0	7	0	29	150	172	78	0	0	384	135	137	194	0	0	0	30
320	34	210	0	217	100	239	360	382	288	0	70	594	345	347	404	113	0	159	240
103	0	0	0	0	0	22	143	165	71	0	0	377	128	130	187	0	0	0	23
220	0	110	0	117	0	139	260	282	188	0	0	494	245	247	304	13	0	59	140
81	0	0	0	0	0	0	121	143	49	0	0	355	106	108	165	0	0	0	1
0	0	0	0	0	0	0	0	22	0	0	0	234	0	0	44	0	0	0	0
0	0	0	0	0	0	0	0	0	0	0	0	212	0	0	22	0	0	0	0
32	0	0	0	0	0	0	72	94	0	0	0	306	57	59	116	0	0	0	0
382	96	272	62	279	162	301	422	444	350	0	132	656	407	409	466	175	0	221	302
250	0	140	0	147	30	169	290	312	218	0	0	524	275	277	334	43	0	89	170
0	0	0	0	0	0	0	0	0	0	0	0	0	0	0	0	0	0	0	0
0	0	0	0	0	0	0	15	37	0	0	0	249	0	2	59	0	0	0	0
0	0	0	0	0	0	0	13	35	0	0	0	247	0	0	57	0	0	0	0
0	0	0	0	0	0	0	0	0	0	0	0	190	0	0	0	0	0	0	0
207	0	97	0	104	0	126	247	269	175	0	0	481	232	234	291	0	0	46	127
520	234	410	200	417	300	439	560	582	488	138	270	794	545	547	604	313	0	359	440
161	0	51	0	58	0	80	201	223	129	0	0	435	186	188	245	0	0	0	81
80	0	0	0	0	0	0	120	142	48	0	0	354	105	107	164	0	0	0	0

0	100	160	130	300	50	1070	0	100	220	400	100	50	200	397	50	50	160	190	200
0	0	60	30	200	0	970	0	0	120	300	0	0	100	297	0	0	60	90	100
0	0	0	0	140	0	910	0	0	60	240	0	0	40	237	0	0	0	30	40
0	0	30	0	170	0	940	0	0	90	270	0	0	70	267	0	0	30	60	70
0	0	0	0	0	0	770	0	0	0	100	0	0	0	97	0	0	0	0	0
0	50	110	80	250	0	1020	0	50	170	350	50	0	150	347	0	0	110	140	150
0	0	0	0	0	0	0	0	0	0	0	0	0	0	0	0	0	0	0	0
25	125	185	155	325	75	1095	0	125	245	425	125	75	225	422	75	75	185	215	225
0	0	60	30	200	0	970	0	0	120	300	0	0	100	297	0	0	60	90	100
0	0	0	0	80	0	850	0	0	0	180	0	0	0	177	0	0	0	0	0
0	0	0	0	0	0	670	0	0	0	0	0	0	0	0	0	0	0	0	0
0	0	60	30	200	0	970	0	0	120	300	0	0	100	297	0	0	60	90	100
0	50	110	80	250	0	1020	0	50	170	350	50	0	150	347	0	0	110	140	150
0	0	0	0	100	0	870	0	0	20	200	0	0	0	197	0	0	0	0	0
0	0	0	0	0	0	673	0	0	0	3	0	0	0	0	0	0	0	0	0
0	50	110	80	250	0	1020	0	50	170	350	50	0	150	347	0	0	110	140	150
0	50	110	80	250	0	1020	0	50	170	350	50	0	150	347	0	0	110	140	150
0	0	0	0	140	0	910	0	0	60	240	0	0	40	237	0	0	0	30	40
0	0	0	0	110	0	880	0	0	30	210	0	0	10	207	0	0	0	0	10
0	0	0	0	100	0	870	0	0	20	200	0	0	0	197	0	0	0	0	0

0	0	0	0	0	0	0	25	0	0	0	0	0	0	0	0	0	0	0	0
100	0	0	0	0	50	0	125	0	0	0	0	50	0	0	50	50	0	0	0
160	60	0	30	0	110	0	185	60	0	0	60	110	0	0	110	110	0	0	0
130	30	0	0	0	80	0	155	30	0	0	30	80	0	0	80	80	0	0	0
300	200	140	170	0	250	0	325	200	80	0	200	250	100	0	250	250	140	110	100
50	0	0	0	0	0	0	75	0	0	0	0	0	0	0	0	0	0	0	0
1070	970	910	940	770	1020	0	1095	970	850	670	970	1020	870	673	1020	1020	910	880	870
0	0	0	0	0	0	0	0	0	0	0	0	0	0	0	0	0	0	0	0
100	0	0	0	0	50	0	125	0	0	0	0	50	0	0	50	50	0	0	0
220	120	60	90	0	170	0	245	120	0	0	120	170	20	0	170	170	60	30	20
400	300	240	270	100	350	0	425	300	180	0	300	350	200	3	350	350	240	210	200
100	0	0	0	0	50	0	125	0	0	0	0	50	0	0	50	50	0	0	0
50	0	0	0	0	0	0	75	0	0	0	0	0	0	0	0	0	0	0	0
200	100	40	70	0	150	0	225	100	0	0	100	150	0	0	150	150	40	10	0
397	297	237	267	97	347	0	422	297	177	0	297	347	197	0	347	347	237	207	197
50	0	0	0	0	0	0	75	0	0	0	0	0	0	0	0	0	0	0	0
50	0	0	0	0	0	0	75	0	0	0	0	0	0	0	0	0	0	0	0
160	60	0	30	0	110	0	185	60	0	0	60	110	0	0	110	110	0	0	0
190	90	30	60	0	140	0	215	90	0	0	90	140	0	0	140	140	30	0	0
200	100	40	70	0	150	0	225	100	0	0	100	150	0	0	150	150	40	10	0