1557 1545 1667 1708 1657 1699 1701 1692 1194 1304 1720 1649 1729 1722 1708 1622 1695 1709 1708 1601

41

128 129 111 105 112 106 106 107 183 166 103 114 101 102 104 118 106 104 104 121

53 18 14 15

9833

0	0	0	0	0	0	0	0	0	0	0	0	0	0	0	0	0	0	0	35
815	0	180	299	703	241	356	229	270	354	610	752	393	606	614	305	682	614	352	850
635	0	0	119	523	61	176	49	90	174	430	572	213	426	434	125	502	434	172	670
516	0	0	0	404	0	57	0	0	55	311	453	94	307	315	6	383	315	53	551
112	0	0	0	0	0	0	0	0	0	0	49	0	0	0	0	0	0	0	147
574	0	0	58	462	0	115	0	29	113	369	511	152	365	373	64	441	373	111	609
459	0	0	0	347	0	0	0	0	0	254	396	37	250	258	0	326	258	0	494
586	0	0	70	474	12	127	0	41	125	381	523	164	377	385	76	453	385	123	621
545	0	0	29	433	0	86	0	0	84	340	482	123	336	344	35	412	344	82	580
461	0	0	0	349	0	2	0	0	0	256	398	39	252	260	0	328	260	0	496
205	0	0	0	93	0	0	0	0	0	0	142	0	0	4	0	72	4	0	240
63	0	0	0	0	0	0	0	0	0	0	0	0	0	0	0	0	0	0	98
422	0	0	0	310	0	0	0	0	0	217	359	0	213	221	0	289	221	0	457
209	0	0	0	97	0	0	0	0	0	4	146	0	0	8	0	76	8	0	244
201	0	0	0	89	0	0	0	0	0	0	138	0	0	0	0	68	0	0	236
510	0	0	0	398	0	51	0	0	49	305	447	88	301	309	0	377	309	47	545
133	0	0	0	21	0	0	0	0	0	0	70	0	0	0	0	0	0	0	168
201	0	0	0	89	0	0	0	0	0	0	138	0	0	0	0	68	0	0	236
463	0	0	0	351	0	4	0	0	2	258	400	41	254	262	0	330	262	0	498
0	0	0	0	0	0	0	0	0	0	0	0	0	0	0	0	0	0	0	0

0	815	635	516	112	574	459	586	545	461	205	63	422	209	201	510	133	201	463	0
0	0	0	0	0	0	0	0	0	0	0	0	0	0	0	0	0	0	0	0
0	180	0	0	0	0	0	0	0	0	0	0	0	0	0	0	0	0	0	0
0	299	119	0	0	58	0	70	29	0	0	0	0	0	0	0	0	0	0	0
0	703	523	404	0	462	347	474	433	349	93	0	310	97	89	398	21	89	351	0
0	241	61	0	0	0	0	12	0	0	0	0	0	0	0	0	0	0	0	0
0	356	176	57	0	115	0	127	86	2	0	0	0	0	0	51	0	0	4	0
0	229	49	0	0	0	0	0	0	0	0	0	0	0	0	0	0	0	0	0
0	270	90	0	0	29	0	41	0	0	0	0	0	0	0	0	0	0	0	0
0	354	174	55	0	113	0	125	84	0	0	0	0	0	0	49	0	0	2	0
0	610	430	311	0	369	254	381	340	256	0	0	217	4	0	305	0	0	258	0
0	752	572	453	49	511	396	523	482	398	142	0	359	146	138	447	70	138	400	0
0	393	213	94	0	152	37	164	123	39	0	0	0	0	0	88	0	0	41	0
0	606	426	307	0	365	250	377	336	252	0	0	213	0	0	301	0	0	254	0
0	614	434	315	0	373	258	385	344	260	4	0	221	8	0	309	0	0	262	0
0	305	125	6	0	64	0	76	35	0	0	0	0	0	0	0	0	0	0	0
0	682	502	383	0	441	326	453	412	328	72	0	289	76	68	377	0	68	330	0
0	614	434	315	0	373	258	385	344	260	4	0	221	8	0	309	0	0	262	0
0	352	172	53	0	111	0	123	82	0	0	0	0	0	0	47	0	0	0	0
35	850	670	551	147	609	494	621	580	496	240	98	457	244	236	545	168	236	498	0

0	55	55	175	125	75	225	75	1255	1095	50	135	125	75	25	385	55	25	155	35
0	0	0	120	70	20	170	20	1200	1040	0	80	70	20	0	330	0	0	100	0
0	0	0	120	70	20	170	20	1200	1040	0	80	70	20	0	330	0	0	100	0
0	0	0	0	0	0	50	0	1080	920	0	0	0	0	0	210	0	0	0	0
0	0	0	50	0	0	100	0	1130	970	0	10	0	0	0	260	0	0	30	0
0	0	0	100	50	0	150	0	1180	1020	0	60	50	0	0	310	0	0	80	0
0	0	0	0	0	0	0	0	1030	870	0	0	0	0	0	160	0	0	0	0
0	0	0	100	50	0	150	0	1180	1020	0	60	50	0	0	310	0	0	80	0
0	0	0	0	0	0	0	0	0	0	0	0	0	0	0	0	0	0	0	0
0	0	0	0	0	0	0	0	160	0	0	0	0	0	0	0	0	0	0	0
0	5	5	125	75	25	175	25	1205	1045	0	85	75	25	0	335	5	0	105	0
0	0	0	40	0	0	90	0	1120	960	0	0	0	0	0	250	0	0	20	0
0	0	0	50	0	0	100	0	1130	970	0	10	0	0	0	260	0	0	30	0
0	0	0	100	50	0	150	0	1180	1020	0	60	50	0	0	310	0	0	80	0
0	30	30	150	100	50	200	50	1230	1070	25	110	100	50	0	360	30	0	130	10
0	0	0	0	0	0	0	0	870	710	0	0	0	0	0	0	0	0	0	0
0	0	0	120	70	20	170	20	1200	1040	0	80	70	20	0	330	0	0	100	0
0	30	30	150	100	50	200	50	1230	1070	25	110	100	50	0	360	30	0	130	10
0	0	0	20	0	0	70	0	1100	940	0	0	0	0	0	230	0	0	0	0
0	20	20	140	90	40	190	40	1220	1060	15	100	90	40	0	350	20	0	120	0

0	0	0	0	0	0	0	0	0	0	0	0	0	0	0	0	0	0	0	0
55	0	0	0	0	0	0	0	0	0	5	0	0	0	30	0	0	30	0	20
55	0	0	0	0	0	0	0	0	0	5	0	0	0	30	0	0	30	0	20
175	120	120	0	50	100	0	100	0	0	125	40	50	100	150	0	120	150	20	140
125	70	70	0	0	50	0	50	0	0	75	0	0	50	100	0	70	100	0	90
75	20	20	0	0	0	0	0	0	0	25	0	0	0	50	0	20	50	0	40
225	170	170	50	100	150	0	150	0	0	175	90	100	150	200	0	170	200	70	190
75	20	20	0	0	0	0	0	0	0	25	0	0	0	50	0	20	50	0	40
1255	1200	1200	1080	1130	1180	1030	1180	0	160	1205	1120	1130	1180	1230	870	1200	1230	1100	1220
1095	1040	1040	920	970	1020	870	1020	0	0	1045	960	970	1020	1070	710	1040	1070	940	1060
50	0	0	0	0	0	0	0	0	0	0	0	0	0	25	0	0	25	0	15
135	80	80	0	10	60	0	60	0	0	85	0	10	60	110	0	80	110	0	100
125	70	70	0	0	50	0	50	0	0	75	0	0	50	100	0	70	100	0	90
75	20	20	0	0	0	0	0	0	0	25	0	0	0	50	0	20	50	0	40
25	0	0	0	0	0	0	0	0	0	0	0	0	0	0	0	0	0	0	0
385	330	330	210	260	310	160	310	0	0	335	250	260	310	360	0	330	360	230	350
55	0	0	0	0	0	0	0	0	0	5	0	0	0	30	0	0	30	0	20
25	0	0	0	0	0	0	0	0	0	0	0	0	0	0	0	0	0	0	0
155	100	100	0	30	80	0	80	0	0	105	20	30	80	130	0	100	130	0	120
35	0	0	0	0	0	0	0	0	0	0	0	0	0	10	0	0	10	0	0