1141 1699 1677 1668 1639 1711 1674 1520 1724 1729 1674 1733 1711 1748 1746 1732 1583 1725 1707 1307

41

203 112 116 117 122 110 117 142 108 108 116 107 111 104 105 107 131 108 111 176

53 18 14 15

9535

0	0	0	0	0	0	0	0	0	0	0	0	0	0	0	0	91	0	0	0
259	0	0	75	70	0	0	0	0	0	0	0	0	0	0	0	350	0	0	74
445	186	0	261	256	109	136	0	106	0	0	0	0	26	146	6	536	0	0	260
184	0	0	0	0	0	0	0	0	0	0	0	0	0	0	0	275	0	0	0
189	0	0	5	0	0	0	0	0	0	0	0	0	0	0	0	280	0	0	4
336	77	0	152	147	0	27	0	0	0	0	0	0	0	37	0	427	0	0	151
309	50	0	125	120	0	0	0	0	0	0	0	0	0	10	0	400	0	0	124
795	536	350	611	606	459	486	0	456	286	287	286	252	376	496	356	886	302	334	610
339	80	0	155	150	3	30	0	0	0	0	0	0	0	40	0	430	0	0	154
509	250	64	325	320	173	200	0	170	0	1	0	0	90	210	70	600	16	48	324
508	249	63	324	319	172	199	0	169	0	0	0	0	89	209	69	599	15	47	323
509	250	64	325	320	173	200	0	170	0	1	0	0	90	210	70	600	16	48	324
543	284	98	359	354	207	234	0	204	34	35	34	0	124	244	104	634	50	82	358
419	160	0	235	230	83	110	0	80	0	0	0	0	0	120	0	510	0	0	234
299	40	0	115	110	0	0	0	0	0	0	0	0	0	0	0	390	0	0	114
439	180	0	255	250	103	130	0	100	0	0	0	0	20	140	0	530	0	0	254
0	0	0	0	0	0	0	0	0	0	0	0	0	0	0	0	0	0	0	0
493	234	48	309	304	157	184	0	154	0	0	0	0	74	194	54	584	0	32	308
461	202	16	277	272	125	152	0	122	0	0	0	0	42	162	22	552	0	0	276
185	0	0	1	0	0	0	0	0	0	0	0	0	0	0	0	276	0	0	0

0	259	445	184	189	336	309	795	339	509	508	509	543	419	299	439	0	493	461	185
0	0	186	0	0	77	50	536	80	250	249	250	284	160	40	180	0	234	202	0
0	0	0	0	0	0	0	350	0	64	63	64	98	0	0	0	0	48	16	0
0	75	261	0	5	152	125	611	155	325	324	325	359	235	115	255	0	309	277	1
0	70	256	0	0	147	120	606	150	320	319	320	354	230	110	250	0	304	272	0
0	0	109	0	0	0	0	459	3	173	172	173	207	83	0	103	0	157	125	0
0	0	136	0	0	27	0	486	30	200	199	200	234	110	0	130	0	184	152	0
0	0	0	0	0	0	0	0	0	0	0	0	0	0	0	0	0	0	0	0
0	0	106	0	0	0	0	456	0	170	169	170	204	80	0	100	0	154	122	0
0	0	0	0	0	0	0	286	0	0	0	0	34	0	0	0	0	0	0	0
0	0	0	0	0	0	0	287	0	1	0	1	35	0	0	0	0	0	0	0
0	0	0	0	0	0	0	286	0	0	0	0	34	0	0	0	0	0	0	0
0	0	0	0	0	0	0	252	0	0	0	0	0	0	0	0	0	0	0	0
0	0	26	0	0	0	0	376	0	90	89	90	124	0	0	20	0	74	42	0
0	0	146	0	0	37	10	496	40	210	209	210	244	120	0	140	0	194	162	0
0	0	6	0	0	0	0	356	0	70	69	70	104	0	0	0	0	54	22	0
91	350	536	275	280	427	400	886	430	600	599	600	634	510	390	530	0	584	552	276
0	0	0	0	0	0	0	302	0	16	15	16	50	0	0	0	0	0	0	0
0	0	0	0	0	0	0	334	0	48	47	48	82	0	0	0	0	32	0	0
0	74	260	0	4	151	124	610	154	324	323	324	358	234	114	254	0	308	276	0

0	0	0	0	0	0	0	0	0	0	0	0	0	0	0	0	0	0	0	160
910	0	360	30	120	110	250	200	30	0	250	30	10	0	0	100	50	20	130	1070
550	0	0	0	0	0	0	0	0	0	0	0	0	0	0	0	0	0	0	710
880	0	330	0	90	80	220	170	0	0	220	0	0	0	0	70	20	0	100	1040
790	0	240	0	0	0	130	80	0	0	130	0	0	0	0	0	0	0	10	950
800	0	250	0	10	0	140	90	0	0	140	0	0	0	0	0	0	0	20	960
660	0	110	0	0	0	0	0	0	0	0	0	0	0	0	0	0	0	0	820
710	0	160	0	0	0	50	0	0	0	50	0	0	0	0	0	0	0	0	870
880	0	330	0	90	80	220	170	0	0	220	0	0	0	0	70	20	0	100	1040
930	20	380	50	140	130	270	220	50	0	270	50	30	20	0	120	70	40	150	1090
660	0	110	0	0	0	0	0	0	0	0	0	0	0	0	0	0	0	0	820
880	0	330	0	90	80	220	170	0	0	220	0	0	0	0	70	20	0	100	1040
900	0	350	20	110	100	240	190	20	0	240	20	0	0	0	90	40	10	120	1060
910	0	360	30	120	110	250	200	30	0	250	30	10	0	0	100	50	20	130	1070
935	25	385	55	145	135	275	225	55	5	275	55	35	25	0	125	75	45	155	1095
810	0	260	0	20	10	150	100	0	0	150	0	0	0	0	0	0	0	30	970
860	0	310	0	70	60	200	150	0	0	200	0	0	0	0	50	0	0	80	1020
890	0	340	10	100	90	230	180	10	0	230	10	0	0	0	80	30	0	110	1050
780	0	230	0	0	0	120	70	0	0	120	0	0	0	0	0	0	0	0	940
0	0	0	0	0	0	0	0	0	0	0	0	0	0	0	0	0	0	0	0

0	910	550	880	790	800	660	710	880	930	660	880	900	910	935	810	860	890	780	0
0	0	0	0	0	0	0	0	0	20	0	0	0	0	25	0	0	0	0	0
0	360	0	330	240	250	110	160	330	380	110	330	350	360	385	260	310	340	230	0
0	30	0	0	0	0	0	0	0	50	0	0	20	30	55	0	0	10	0	0
0	120	0	90	0	10	0	0	90	140	0	90	110	120	145	20	70	100	0	0
0	110	0	80	0	0	0	0	80	130	0	80	100	110	135	10	60	90	0	0
0	250	0	220	130	140	0	50	220	270	0	220	240	250	275	150	200	230	120	0
0	200	0	170	80	90	0	0	170	220	0	170	190	200	225	100	150	180	70	0
0	30	0	0	0	0	0	0	0	50	0	0	20	30	55	0	0	10	0	0
0	0	0	0	0	0	0	0	0	0	0	0	0	0	5	0	0	0	0	0
0	250	0	220	130	140	0	50	220	270	0	220	240	250	275	150	200	230	120	0
0	30	0	0	0	0	0	0	0	50	0	0	20	30	55	0	0	10	0	0
0	10	0	0	0	0	0	0	0	30	0	0	0	10	35	0	0	0	0	0
0	0	0	0	0	0	0	0	0	20	0	0	0	0	25	0	0	0	0	0
0	0	0	0	0	0	0	0	0	0	0	0	0	0	0	0	0	0	0	0
0	100	0	70	0	0	0	0	70	120	0	70	90	100	125	0	50	80	0	0
0	50	0	20	0	0	0	0	20	70	0	20	40	50	75	0	0	30	0	0
0	20	0	0	0	0	0	0	0	40	0	0	10	20	45	0	0	0	0	0
0	130	0	100	10	20	0	0	100	150	0	100	120	130	155	30	80	110	0	0
160	1070	710	1040	950	960	820	870	1040	1090	820	1040	1060	1070	1095	970	1020	1050	940	0