1590 1654 1667 1605 1693 1587 1681 1652 1599 1678 1691 1621 1713 1720 1579 1598 1639 1600 1607 1538

41

97 89 88 95 85 98 86 90 96 86 85 93 82 81 99 96 91 96 95 103

53 18 14 15

9796

0	0	0	0	0	0	0	0	11	0	0	0	0	0	67	44	0	0	33	0
459	0	108	212	130	0	4	250	470	0	171	0	41	243	526	503	0	0	492	0
351	0	0	104	22	0	0	142	362	0	63	0	0	135	418	395	0	0	384	0
247	0	0	0	0	0	0	38	258	0	0	0	0	31	314	291	0	0	280	0
329	0	0	82	0	0	0	120	340	0	41	0	0	113	396	373	0	0	362	0
638	179	287	391	309	0	183	429	649	167	350	71	220	422	705	682	167	80	671	35
455	0	104	208	126	0	0	246	466	0	167	0	37	239	522	499	0	0	488	0
209	0	0	0	0	0	0	0	220	0	0	0	0	0	276	253	0	0	242	0
0	0	0	0	0	0	0	0	0	0	0	0	0	0	56	33	0	0	22	0
471	12	120	224	142	0	16	262	482	0	183	0	53	255	538	515	0	0	504	0
288	0	0	41	0	0	0	79	299	0	0	0	0	72	355	332	0	0	321	0
567	108	216	320	238	0	112	358	578	96	279	0	149	351	634	611	96	9	600	0
418	0	67	171	89	0	0	209	429	0	130	0	0	202	485	462	0	0	451	0
216	0	0	0	0	0	0	7	227	0	0	0	0	0	283	260	0	0	249	0
0	0	0	0	0	0	0	0	0	0	0	0	0	0	0	0	0	0	0	0
0	0	0	0	0	0	0	0	0	0	0	0	0	0	23	0	0	0	0	0
471	12	120	224	142	0	16	262	482	0	183	0	53	255	538	515	0	0	504	0
558	99	207	311	229	0	103	349	569	87	270	0	140	342	625	602	87	0	591	0
0	0	0	0	0	0	0	0	0	0	0	0	0	0	34	11	0	0	0	0
603	144	252	356	274	0	148	394	614	132	315	36	185	387	670	647	132	45	636	0

0	459	351	247	329	638	455	209	0	471	288	567	418	216	0	0	471	558	0	603
0	0	0	0	0	179	0	0	0	12	0	108	0	0	0	0	12	99	0	144
0	108	0	0	0	287	104	0	0	120	0	216	67	0	0	0	120	207	0	252
0	212	104	0	82	391	208	0	0	224	41	320	171	0	0	0	224	311	0	356
0	130	22	0	0	309	126	0	0	142	0	238	89	0	0	0	142	229	0	274
0	0	0	0	0	0	0	0	0	0	0	0	0	0	0	0	0	0	0	0
0	4	0	0	0	183	0	0	0	16	0	112	0	0	0	0	16	103	0	148
0	250	142	38	120	429	246	0	0	262	79	358	209	7	0	0	262	349	0	394
11	470	362	258	340	649	466	220	0	482	299	578	429	227	0	0	482	569	0	614
0	0	0	0	0	167	0	0	0	0	0	96	0	0	0	0	0	87	0	132
0	171	63	0	41	350	167	0	0	183	0	279	130	0	0	0	183	270	0	315
0	0	0	0	0	71	0	0	0	0	0	0	0	0	0	0	0	0	0	36
0	41	0	0	0	220	37	0	0	53	0	149	0	0	0	0	53	140	0	185
0	243	135	31	113	422	239	0	0	255	72	351	202	0	0	0	255	342	0	387
67	526	418	314	396	705	522	276	56	538	355	634	485	283	0	23	538	625	34	670
44	503	395	291	373	682	499	253	33	515	332	611	462	260	0	0	515	602	11	647
0	0	0	0	0	167	0	0	0	0	0	96	0	0	0	0	0	87	0	132
0	0	0	0	0	80	0	0	0	0	0	9	0	0	0	0	0	0	0	45
33	492	384	280	362	671	488	242	22	504	321	600	451	249	0	0	504	591	0	636
0	0	0	0	0	35	0	0	0	0	0	0	0	0	0	0	0	0	0	0

0	0	0	200	0	100	0	150	0	0	0	0	0	0	0	30	100	30	40	50
150	0	30	350	150	250	50	300	140	80	60	120	150	150	150	180	250	180	190	200
120	0	0	320	120	220	20	270	110	50	30	90	120	120	120	150	220	150	160	170
0	0	0	0	0	0	0	0	0	0	0	0	0	0	0	0	0	0	0	0
0	0	0	200	0	100	0	150	0	0	0	0	0	0	0	30	100	30	40	50
0	0	0	100	0	0	0	50	0	0	0	0	0	0	0	0	0	0	0	0
100	0	0	300	100	200	0	250	90	30	10	70	100	100	100	130	200	130	140	150
0	0	0	50	0	0	0	0	0	0	0	0	0	0	0	0	0	0	0	0
10	0	0	210	10	110	0	160	0	0	0	0	10	10	10	40	110	40	50	60
70	0	0	270	70	170	0	220	60	0	0	40	70	70	70	100	170	100	110	120
90	0	0	290	90	190	0	240	80	20	0	60	90	90	90	120	190	120	130	140
30	0	0	230	30	130	0	180	20	0	0	0	30	30	30	60	130	60	70	80
0	0	0	200	0	100	0	150	0	0	0	0	0	0	0	30	100	30	40	50
0	0	0	200	0	100	0	150	0	0	0	0	0	0	0	30	100	30	40	50
0	0	0	200	0	100	0	150	0	0	0	0	0	0	0	30	100	30	40	50
0	0	0	170	0	70	0	120	0	0	0	0	0	0	0	0	70	0	10	20
0	0	0	100	0	0	0	50	0	0	0	0	0	0	0	0	0	0	0	0
0	0	0	170	0	70	0	120	0	0	0	0	0	0	0	0	70	0	10	20
0	0	0	160	0	60	0	110	0	0	0	0	0	0	0	0	60	0	0	10
0	0	0	150	0	50	0	100	0	0	0	0	0	0	0	0	50	0	0	0

0	150	120	0	0	0	100	0	10	70	90	30	0	0	0	0	0	0	0	0
0	0	0	0	0	0	0	0	0	0	0	0	0	0	0	0	0	0	0	0
0	30	0	0	0	0	0	0	0	0	0	0	0	0	0	0	0	0	0	0
200	350	320	0	200	100	300	50	210	270	290	230	200	200	200	170	100	170	160	150
0	150	120	0	0	0	100	0	10	70	90	30	0	0	0	0	0	0	0	0
100	250	220	0	100	0	200	0	110	170	190	130	100	100	100	70	0	70	60	50
0	50	20	0	0	0	0	0	0	0	0	0	0	0	0	0	0	0	0	0
150	300	270	0	150	50	250	0	160	220	240	180	150	150	150	120	50	120	110	100
0	140	110	0	0	0	90	0	0	60	80	20	0	0	0	0	0	0	0	0
0	80	50	0	0	0	30	0	0	0	20	0	0	0	0	0	0	0	0	0
0	60	30	0	0	0	10	0	0	0	0	0	0	0	0	0	0	0	0	0
0	120	90	0	0	0	70	0	0	40	60	0	0	0	0	0	0	0	0	0
0	150	120	0	0	0	100	0	10	70	90	30	0	0	0	0	0	0	0	0
0	150	120	0	0	0	100	0	10	70	90	30	0	0	0	0	0	0	0	0
0	150	120	0	0	0	100	0	10	70	90	30	0	0	0	0	0	0	0	0
30	180	150	0	30	0	130	0	40	100	120	60	30	30	30	0	0	0	0	0
100	250	220	0	100	0	200	0	110	170	190	130	100	100	100	70	0	70	60	50
30	180	150	0	30	0	130	0	40	100	120	60	30	30	30	0	0	0	0	0
40	190	160	0	40	0	140	0	50	110	130	70	40	40	40	10	0	10	0	0
50	200	170	0	50	0	150	0	60	120	140	80	50	50	50	20	0	20	10	0