1423 1670 1332 1715 1593 1744 1754 1702 1685 1747 1733 1653 1682 1753 837 1736 1744 1758 1742 1589

41

140 104 153 97 115 93 92 99 102 93 95 106 102 92 224 94 93 91 93 116

53 18 14 15

9477

0	0	0	0	0	0	0	0	0	0	0	0	0	0	0	0	0	0	0	0
575	0	299	292	0	133	295	42	0	265	275	0	385	299	145	142	130	295	288	499
276	0	0	0	0	0	0	0	0	0	0	0	86	0	0	0	0	0	0	200
283	0	7	0	0	0	3	0	0	0	0	0	93	7	0	0	0	3	0	207
714	139	438	431	0	272	434	181	139	404	414	101	524	438	284	281	269	434	427	638
442	0	166	159	0	0	162	0	0	132	142	0	252	166	12	9	0	162	155	366
280	0	4	0	0	0	0	0	0	0	0	0	90	4	0	0	0	0	0	204
533	0	257	250	0	91	253	0	0	223	233	0	343	257	103	100	88	253	246	457
575	0	299	292	0	133	295	42	0	265	275	0	385	299	145	142	130	295	288	499
310	0	34	27	0	0	30	0	0	0	10	0	120	34	0	0	0	30	23	234
300	0	24	17	0	0	20	0	0	0	0	0	110	24	0	0	0	20	13	224
613	38	337	330	0	171	333	80	38	303	313	0	423	337	183	180	168	333	326	537
190	0	0	0	0	0	0	0	0	0	0	0	0	0	0	0	0	0	0	114
276	0	0	0	0	0	0	0	0	0	0	0	86	0	0	0	0	0	0	200
430	0	154	147	0	0	150	0	0	120	130	0	240	154	0	0	0	150	143	354
433	0	157	150	0	0	153	0	0	123	133	0	243	157	3	0	0	153	146	357
445	0	169	162	0	3	165	0	0	135	145	0	255	169	15	12	0	165	158	369
280	0	4	0	0	0	0	0	0	0	0	0	90	4	0	0	0	0	0	204
287	0	11	4	0	0	7	0	0	0	0	0	97	11	0	0	0	7	0	211
76	0	0	0	0	0	0	0	0	0	0	0	0	0	0	0	0	0	0	0

0	575	276	283	714	442	280	533	575	310	300	613	190	276	430	433	445	280	287	76
0	0	0	0	139	0	0	0	0	0	0	38	0	0	0	0	0	0	0	0
0	299	0	7	438	166	4	257	299	34	24	337	0	0	154	157	169	4	11	0
0	292	0	0	431	159	0	250	292	27	17	330	0	0	147	150	162	0	4	0
0	0	0	0	0	0	0	0	0	0	0	0	0	0	0	0	0	0	0	0
0	133	0	0	272	0	0	91	133	0	0	171	0	0	0	0	3	0	0	0
0	295	0	3	434	162	0	253	295	30	20	333	0	0	150	153	165	0	7	0
0	42	0	0	181	0	0	0	42	0	0	80	0	0	0	0	0	0	0	0
0	0	0	0	139	0	0	0	0	0	0	38	0	0	0	0	0	0	0	0
0	265	0	0	404	132	0	223	265	0	0	303	0	0	120	123	135	0	0	0
0	275	0	0	414	142	0	233	275	10	0	313	0	0	130	133	145	0	0	0
0	0	0	0	101	0	0	0	0	0	0	0	0	0	0	0	0	0	0	0
0	385	86	93	524	252	90	343	385	120	110	423	0	86	240	243	255	90	97	0
0	299	0	7	438	166	4	257	299	34	24	337	0	0	154	157	169	4	11	0
0	145	0	0	284	12	0	103	145	0	0	183	0	0	0	3	15	0	0	0
0	142	0	0	281	9	0	100	142	0	0	180	0	0	0	0	12	0	0	0
0	130	0	0	269	0	0	88	130	0	0	168	0	0	0	0	0	0	0	0
0	295	0	3	434	162	0	253	295	30	20	333	0	0	150	153	165	0	7	0
0	288	0	0	427	155	0	246	288	23	13	326	0	0	143	146	158	0	0	0
0	499	200	207	638	366	204	457	499	234	224	537	114	200	354	357	369	204	211	0

0	0	740	0	0	0	0	0	0	0	0	0	0	0	1560	0	0	0	0	8
240	0	980	220	100	40	110	80	50	20	160	50	0	100	1800	20	50	80	10	248
0	0	0	0	0	0	0	0	0	0	0	0	0	0	820	0	0	0	0	0
20	0	760	0	0	0	0	0	0	0	0	0	0	0	1580	0	0	0	0	28
140	0	880	120	0	0	10	0	0	0	60	0	0	0	1700	0	0	0	0	148
200	0	940	180	60	0	70	40	10	0	120	10	0	60	1760	0	10	40	0	208
130	0	870	110	0	0	0	0	0	0	50	0	0	0	1690	0	0	0	0	138
160	0	900	140	20	0	30	0	0	0	80	0	0	20	1720	0	0	0	0	168
190	0	930	170	50	0	60	30	0	0	110	0	0	50	1750	0	0	30	0	198
220	0	960	200	80	20	90	60	30	0	140	30	0	80	1780	0	30	60	0	228
80	0	820	60	0	0	0	0	0	0	0	0	0	0	1640	0	0	0	0	88
190	0	930	170	50	0	60	30	0	0	110	0	0	50	1750	0	0	30	0	198
240	0	980	220	100	40	110	80	50	20	160	50	0	100	1800	20	50	80	10	248
140	0	880	120	0	0	10	0	0	0	60	0	0	0	1700	0	0	0	0	148
0	0	0	0	0	0	0	0	0	0	0	0	0	0	0	0	0	0	0	0
220	0	960	200	80	20	90	60	30	0	140	30	0	80	1780	0	30	60	0	228
190	0	930	170	50	0	60	30	0	0	110	0	0	50	1750	0	0	30	0	198
160	0	900	140	20	0	30	0	0	0	80	0	0	20	1720	0	0	0	0	168
230	0	970	210	90	30	100	70	40	10	150	40	0	90	1790	10	40	70	0	238
0	0	732	0	0	0	0	0	0	0	0	0	0	0	1552	0	0	0	0	0

0	240	0	20	140	200	130	160	190	220	80	190	240	140	0	220	190	160	230	0
0	0	0	0	0	0	0	0	0	0	0	0	0	0	0	0	0	0	0	0
740	980	0	760	880	940	870	900	930	960	820	930	980	880	0	960	930	900	970	732
0	220	0	0	120	180	110	140	170	200	60	170	220	120	0	200	170	140	210	0
0	100	0	0	0	60	0	20	50	80	0	50	100	0	0	80	50	20	90	0
0	40	0	0	0	0	0	0	0	20	0	0	40	0	0	20	0	0	30	0
0	110	0	0	10	70	0	30	60	90	0	60	110	10	0	90	60	30	100	0
0	80	0	0	0	40	0	0	30	60	0	30	80	0	0	60	30	0	70	0
0	50	0	0	0	10	0	0	0	30	0	0	50	0	0	30	0	0	40	0
0	20	0	0	0	0	0	0	0	0	0	0	20	0	0	0	0	0	10	0
0	160	0	0	60	120	50	80	110	140	0	110	160	60	0	140	110	80	150	0
0	50	0	0	0	10	0	0	0	30	0	0	50	0	0	30	0	0	40	0
0	0	0	0	0	0	0	0	0	0	0	0	0	0	0	0	0	0	0	0
0	100	0	0	0	60	0	20	50	80	0	50	100	0	0	80	50	20	90	0
1560	1800	820	1580	1700	1760	1690	1720	1750	1780	1640	1750	1800	1700	0	1780	1750	1720	1790	1552
0	20	0	0	0	0	0	0	0	0	0	0	20	0	0	0	0	0	10	0
0	50	0	0	0	10	0	0	0	30	0	0	50	0	0	30	0	0	40	0
0	80	0	0	0	40	0	0	30	60	0	30	80	0	0	60	30	0	70	0
0	10	0	0	0	0	0	0	0	0	0	0	10	0	0	0	0	0	0	0
8	248	0	28	148	208	138	168	198	228	88	198	248	148	0	228	198	168	238	0