1728 1561 1222 1622 1695 1729 1643 1733 1725 1739 1708 1654 1605 1645 1674 1670 1310 1669 1725 1688

41

95 119 168 111 100 95 108 95 96 94 98 106 113 107 103 104 156 104 96 101

53 18 14 15

9557

0	294	0	0	0	0	226	0	0	0	0	0	276	212	0	187	0	0	0	179
0	0	0	0	0	0	0	0	0	0	0	0	0	0	0	0	0	0	0	0
341	635	0	0	105	337	567	341	297	303	231	77	617	553	87	528	334	187	317	520
354	648	13	0	118	350	580	354	310	316	244	90	630	566	100	541	347	200	330	533
236	530	0	0	0	232	462	236	192	198	126	0	512	448	0	423	229	82	212	415
4	298	0	0	0	0	230	4	0	0	0	0	280	216	0	191	0	0	0	183
0	68	0	0	0	0	0	0	0	0	0	0	50	0	0	0	0	0	0	0
0	294	0	0	0	0	226	0	0	0	0	0	276	212	0	187	0	0	0	179
44	338	0	0	0	40	270	44	0	6	0	0	320	256	0	231	37	0	20	223
38	332	0	0	0	34	264	38	0	0	0	0	314	250	0	225	31	0	14	217
110	404	0	0	0	106	336	110	66	72	0	0	386	322	0	297	103	0	86	289
264	558	0	0	28	260	490	264	220	226	154	0	540	476	10	451	257	110	240	443
0	18	0	0	0	0	0	0	0	0	0	0	0	0	0	0	0	0	0	0
0	82	0	0	0	0	14	0	0	0	0	0	64	0	0	0	0	0	0	0
254	548	0	0	18	250	480	254	210	216	144	0	530	466	0	441	247	100	230	433
0	107	0	0	0	0	39	0	0	0	0	0	89	25	0	0	0	0	0	0
7	301	0	0	0	3	233	7	0	0	0	0	283	219	0	194	0	0	0	186
154	448	0	0	0	150	380	154	110	116	44	0	430	366	0	341	147	0	130	333
24	318	0	0	0	20	250	24	0	0	0	0	300	236	0	211	17	0	0	203
0	115	0	0	0	0	47	0	0	0	0	0	97	33	0	8	0	0	0	0

0	0	341	354	236	4	0	0	44	38	110	264	0	0	254	0	7	154	24	0
294	0	635	648	530	298	68	294	338	332	404	558	18	82	548	107	301	448	318	115
0	0	0	13	0	0	0	0	0	0	0	0	0	0	0	0	0	0	0	0
0	0	0	0	0	0	0	0	0	0	0	0	0	0	0	0	0	0	0	0
0	0	105	118	0	0	0	0	0	0	0	28	0	0	18	0	0	0	0	0
0	0	337	350	232	0	0	0	40	34	106	260	0	0	250	0	3	150	20	0
226	0	567	580	462	230	0	226	270	264	336	490	0	14	480	39	233	380	250	47
0	0	341	354	236	4	0	0	44	38	110	264	0	0	254	0	7	154	24	0
0	0	297	310	192	0	0	0	0	0	66	220	0	0	210	0	0	110	0	0
0	0	303	316	198	0	0	0	6	0	72	226	0	0	216	0	0	116	0	0
0	0	231	244	126	0	0	0	0	0	0	154	0	0	144	0	0	44	0	0
0	0	77	90	0	0	0	0	0	0	0	0	0	0	0	0	0	0	0	0
276	0	617	630	512	280	50	276	320	314	386	540	0	64	530	89	283	430	300	97
212	0	553	566	448	216	0	212	256	250	322	476	0	0	466	25	219	366	236	33
0	0	87	100	0	0	0	0	0	0	0	10	0	0	0	0	0	0	0	0
187	0	528	541	423	191	0	187	231	225	297	451	0	0	441	0	194	341	211	8
0	0	334	347	229	0	0	0	37	31	103	257	0	0	247	0	0	147	17	0
0	0	187	200	82	0	0	0	0	0	0	110	0	0	100	0	0	0	0	0
0	0	317	330	212	0	0	0	20	14	86	240	0	0	230	0	0	130	0	0
179	0	520	533	415	183	0	179	223	217	289	443	0	0	433	0	186	333	203	0

0	110	940	30	70	0	0	110	0	90	70	0	150	0	70	120	940	0	0	0
0	0	830	0	0	0	0	0	0	0	0	0	40	0	0	10	830	0	0	0
0	0	0	0	0	0	0	0	0	0	0	0	0	0	0	0	0	0	0	0
0	80	910	0	40	0	0	80	0	60	40	0	120	0	40	90	910	0	0	0
0	40	870	0	0	0	0	40	0	20	0	0	80	0	0	50	870	0	0	0
80	190	1020	110	150	0	30	190	30	170	150	50	230	0	150	200	1020	0	0	70
50	160	990	80	120	0	0	160	0	140	120	20	200	0	120	170	990	0	0	40
0	0	830	0	0	0	0	0	0	0	0	0	40	0	0	10	830	0	0	0
50	160	990	80	120	0	0	160	0	140	120	20	200	0	120	170	990	0	0	40
0	20	850	0	0	0	0	20	0	0	0	0	60	0	0	30	850	0	0	0
0	40	870	0	0	0	0	40	0	20	0	0	80	0	0	50	870	0	0	0
30	140	970	60	100	0	0	140	0	120	100	0	180	0	100	150	970	0	0	20
0	0	790	0	0	0	0	0	0	0	0	0	0	0	0	0	790	0	0	0
100	210	1040	130	170	20	50	210	50	190	170	70	250	0	170	220	1040	0	0	90
0	40	870	0	0	0	0	40	0	20	0	0	80	0	0	50	870	0	0	0
0	0	820	0	0	0	0	0	0	0	0	0	30	0	0	0	820	0	0	0
0	0	0	0	0	0	0	0	0	0	0	0	0	0	0	0	0	0	0	0
130	240	1070	160	200	50	80	240	80	220	200	100	280	30	200	250	1070	0	30	120
100	210	1040	130	170	20	50	210	50	190	170	70	250	0	170	220	1040	0	0	90
10	120	950	40	80	0	0	120	0	100	80	0	160	0	80	130	950	0	0	0

0	0	0	0	0	80	50	0	50	0	0	30	0	100	0	0	0	130	100	10
110	0	0	80	40	190	160	0	160	20	40	140	0	210	40	0	0	240	210	120
940	830	0	910	870	1020	990	830	990	850	870	970	790	1040	870	820	0	1070	1040	950
30	0	0	0	0	110	80	0	80	0	0	60	0	130	0	0	0	160	130	40
70	0	0	40	0	150	120	0	120	0	0	100	0	170	0	0	0	200	170	80
0	0	0	0	0	0	0	0	0	0	0	0	0	20	0	0	0	50	20	0
0	0	0	0	0	30	0	0	0	0	0	0	0	50	0	0	0	80	50	0
110	0	0	80	40	190	160	0	160	20	40	140	0	210	40	0	0	240	210	120
0	0	0	0	0	30	0	0	0	0	0	0	0	50	0	0	0	80	50	0
90	0	0	60	20	170	140	0	140	0	20	120	0	190	20	0	0	220	190	100
70	0	0	40	0	150	120	0	120	0	0	100	0	170	0	0	0	200	170	80
0	0	0	0	0	50	20	0	20	0	0	0	0	70	0	0	0	100	70	0
150	40	0	120	80	230	200	40	200	60	80	180	0	250	80	30	0	280	250	160
0	0	0	0	0	0	0	0	0	0	0	0	0	0	0	0	0	30	0	0
70	0	0	40	0	150	120	0	120	0	0	100	0	170	0	0	0	200	170	80
120	10	0	90	50	200	170	10	170	30	50	150	0	220	50	0	0	250	220	130
940	830	0	910	870	1020	990	830	990	850	870	970	790	1040	870	820	0	1070	1040	950
0	0	0	0	0	0	0	0	0	0	0	0	0	0	0	0	0	0	0	0
0	0	0	0	0	0	0	0	0	0	0	0	0	0	0	0	0	30	0	0
0	0	0	0	0	70	40	0	40	0	0	20	0	90	0	0	0	120	90	0