1753 1562 1759 1722 1743 1751 1613 1738 1629 1740 1740 1758 1742 1721 1391 1715 1599 1737 1647 1742

41

90 117 89 94 91 90 110 92 108 92 92 89 91 94 141 95 112 92 105 92

53 18 14 15

10290

0	0	38	281	245	0	421	0	275	37	0	0	0	0	268	295	490	265	0	215
315	0	353	596	560	302	736	300	590	352	270	295	283	260	583	610	805	580	226	530
0	0	0	243	207	0	383	0	237	0	0	0	0	0	230	257	452	227	0	177
0	0	0	0	0	0	140	0	0	0	0	0	0	0	0	14	209	0	0	0
0	0	0	36	0	0	176	0	30	0	0	0	0	0	23	50	245	20	0	0
13	0	51	294	258	0	434	0	288	50	0	0	0	0	281	308	503	278	0	228
0	0	0	0	0	0	0	0	0	0	0	0	0	0	0	0	69	0	0	0
15	0	53	296	260	2	436	0	290	52	0	0	0	0	283	310	505	280	0	230
0	0	0	6	0	0	146	0	0	0	0	0	0	0	0	20	215	0	0	0
0	0	1	244	208	0	384	0	238	0	0	0	0	0	231	258	453	228	0	178
45	0	83	326	290	32	466	30	320	82	0	25	13	0	313	340	535	310	0	260
20	0	58	301	265	7	441	5	295	57	0	0	0	0	288	315	510	285	0	235
32	0	70	313	277	19	453	17	307	69	0	12	0	0	300	327	522	297	0	247
55	0	93	336	300	42	476	40	330	92	10	35	23	0	323	350	545	320	0	270
0	0	0	13	0	0	153	0	7	0	0	0	0	0	0	27	222	0	0	0
0	0	0	0	0	0	126	0	0	0	0	0	0	0	0	0	195	0	0	0
0	0	0	0	0	0	0	0	0	0	0	0	0	0	0	0	0	0	0	0
0	0	0	16	0	0	156	0	10	0	0	0	0	0	3	30	225	0	0	0
89	0	127	370	334	76	510	74	364	126	44	69	57	34	357	384	579	354	0	304
0	0	0	66	30	0	206	0	60	0	0	0	0	0	53	80	275	50	0	0

0	315	0	0	0	13	0	15	0	0	45	20	32	55	0	0	0	0	89	0
0	0	0	0	0	0	0	0	0	0	0	0	0	0	0	0	0	0	0	0
38	353	0	0	0	51	0	53	0	1	83	58	70	93	0	0	0	0	127	0
281	596	243	0	36	294	0	296	6	244	326	301	313	336	13	0	0	16	370	66
245	560	207	0	0	258	0	260	0	208	290	265	277	300	0	0	0	0	334	30
0	302	0	0	0	0	0	2	0	0	32	7	19	42	0	0	0	0	76	0
421	736	383	140	176	434	0	436	146	384	466	441	453	476	153	126	0	156	510	206
0	300	0	0	0	0	0	0	0	0	30	5	17	40	0	0	0	0	74	0
275	590	237	0	30	288	0	290	0	238	320	295	307	330	7	0	0	10	364	60
37	352	0	0	0	50	0	52	0	0	82	57	69	92	0	0	0	0	126	0
0	270	0	0	0	0	0	0	0	0	0	0	0	10	0	0	0	0	44	0
0	295	0	0	0	0	0	0	0	0	25	0	12	35	0	0	0	0	69	0
0	283	0	0	0	0	0	0	0	0	13	0	0	23	0	0	0	0	57	0
0	260	0	0	0	0	0	0	0	0	0	0	0	0	0	0	0	0	34	0
268	583	230	0	23	281	0	283	0	231	313	288	300	323	0	0	0	3	357	53
295	610	257	14	50	308	0	310	20	258	340	315	327	350	27	0	0	30	384	80
490	805	452	209	245	503	69	505	215	453	535	510	522	545	222	195	0	225	579	275
265	580	227	0	20	278	0	280	0	228	310	285	297	320	0	0	0	0	354	50
0	226	0	0	0	0	0	0	0	0	0	0	0	0	0	0	0	0	0	0
215	530	177	0	0	228	0	230	0	178	260	235	247	270	0	0	0	0	304	0

0	160	60	10	60	160	150	210	340	200	0	90	0	90	760	0	0	0	0	110
0	0	0	0	0	0	0	50	180	40	0	0	0	0	600	0	0	0	0	0
0	100	0	0	0	100	90	150	280	140	0	30	0	30	700	0	0	0	0	50
0	150	50	0	50	150	140	200	330	190	0	80	0	80	750	0	0	0	0	100
0	100	0	0	0	100	90	150	280	140	0	30	0	30	700	0	0	0	0	50
0	0	0	0	0	0	0	50	180	40	0	0	0	0	600	0	0	0	0	0
0	10	0	0	0	10	0	60	190	50	0	0	0	0	610	0	0	0	0	0
0	0	0	0	0	0	0	0	130	0	0	0	0	0	550	0	0	0	0	0
0	0	0	0	0	0	0	0	0	0	0	0	0	0	420	0	0	0	0	0
0	0	0	0	0	0	0	10	140	0	0	0	0	0	560	0	0	0	0	0
10	170	70	20	70	170	160	220	350	210	0	100	0	100	770	0	0	0	0	120
0	70	0	0	0	70	60	120	250	110	0	0	0	0	670	0	0	0	0	20
20	180	80	30	80	180	170	230	360	220	10	110	0	110	780	0	10	0	0	130
0	70	0	0	0	70	60	120	250	110	0	0	0	0	670	0	0	0	0	20
0	0	0	0	0	0	0	0	0	0	0	0	0	0	0	0	0	0	0	0
40	200	100	50	100	200	190	250	380	240	30	130	20	130	800	0	30	20	10	150
10	170	70	20	70	170	160	220	350	210	0	100	0	100	770	0	0	0	0	120
20	180	80	30	80	180	170	230	360	220	10	110	0	110	780	0	10	0	0	130
30	190	90	40	90	190	180	240	370	230	20	120	10	120	790	0	20	10	0	140
0	50	0	0	0	50	40	100	230	90	0	0	0	0	650	0	0	0	0	0

0	0	0	0	0	0	0	0	0	0	10	0	20	0	0	40	10	20	30	0
160	0	100	150	100	0	10	0	0	0	170	70	180	70	0	200	170	180	190	50
60	0	0	50	0	0	0	0	0	0	70	0	80	0	0	100	70	80	90	0
10	0	0	0	0	0	0	0	0	0	20	0	30	0	0	50	20	30	40	0
60	0	0	50	0	0	0	0	0	0	70	0	80	0	0	100	70	80	90	0
160	0	100	150	100	0	10	0	0	0	170	70	180	70	0	200	170	180	190	50
150	0	90	140	90	0	0	0	0	0	160	60	170	60	0	190	160	170	180	40
210	50	150	200	150	50	60	0	0	10	220	120	230	120	0	250	220	230	240	100
340	180	280	330	280	180	190	130	0	140	350	250	360	250	0	380	350	360	370	230
200	40	140	190	140	40	50	0	0	0	210	110	220	110	0	240	210	220	230	90
0	0	0	0	0	0	0	0	0	0	0	0	10	0	0	30	0	10	20	0
90	0	30	80	30	0	0	0	0	0	100	0	110	0	0	130	100	110	120	0
0	0	0	0	0	0	0	0	0	0	0	0	0	0	0	20	0	0	10	0
90	0	30	80	30	0	0	0	0	0	100	0	110	0	0	130	100	110	120	0
760	600	700	750	700	600	610	550	420	560	770	670	780	670	0	800	770	780	790	650
0	0	0	0	0	0	0	0	0	0	0	0	0	0	0	0	0	0	0	0
0	0	0	0	0	0	0	0	0	0	0	0	10	0	0	30	0	10	20	0
0	0	0	0	0	0	0	0	0	0	0	0	0	0	0	20	0	0	10	0
0	0	0	0	0	0	0	0	0	0	0	0	0	0	0	10	0	0	0	0
110	0	50	100	50	0	0	0	0	0	120	20	130	20	0	150	120	130	140	0