1720 1662 1646 1441 1744 1643 1671 1669 1589 1301 1721 1680 1656 1639 1672 1693 1686 1747 1500 1642

41

107 116 119 151 103 119 115 115 128 174 107 113 117 120 114 111 112 102 142 119

53 18 14 15

9856

0	210	0	0	113	315	342	0	114	0	0	0	346	400	0	50	84	124	0	346
0	0	0	0	0	105	132	0	0	0	0	0	136	190	0	0	0	0	0	136
254	464	0	0	367	569	596	119	368	124	225	157	600	654	118	304	338	378	0	600
486	696	232	0	599	801	828	351	600	356	457	389	832	886	350	536	570	610	154	832
0	97	0	0	0	202	229	0	1	0	0	0	233	287	0	0	0	11	0	233
0	0	0	0	0	0	27	0	0	0	0	0	31	85	0	0	0	0	0	31
0	0	0	0	0	0	0	0	0	0	0	0	4	58	0	0	0	0	0	4
135	345	0	0	248	450	477	0	249	5	106	38	481	535	0	185	219	259	0	481
0	96	0	0	0	201	228	0	0	0	0	0	232	286	0	0	0	10	0	232
130	340	0	0	243	445	472	0	244	0	101	33	476	530	0	180	214	254	0	476
29	239	0	0	142	344	371	0	143	0	0	0	375	429	0	79	113	153	0	375
97	307	0	0	210	412	439	0	211	0	68	0	443	497	0	147	181	221	0	443
0	0	0	0	0	0	0	0	0	0	0	0	0	54	0	0	0	0	0	0
0	0	0	0	0	0	0	0	0	0	0	0	0	0	0	0	0	0	0	0
136	346	0	0	249	451	478	1	250	6	107	39	482	536	0	186	220	260	0	482
0	160	0	0	63	265	292	0	64	0	0	0	296	350	0	0	34	74	0	296
0	126	0	0	29	231	258	0	30	0	0	0	262	316	0	0	0	40	0	262
0	86	0	0	0	191	218	0	0	0	0	0	222	276	0	0	0	0	0	222
332	542	78	0	445	647	674	197	446	202	303	235	678	732	196	382	416	456	0	678
0	0	0	0	0	0	0	0	0	0	0	0	0	54	0	0	0	0	0	0

0	0	254	486	0	0	0	135	0	130	29	97	0	0	136	0	0	0	332	0
210	0	464	696	97	0	0	345	96	340	239	307	0	0	346	160	126	86	542	0
0	0	0	232	0	0	0	0	0	0	0	0	0	0	0	0	0	0	78	0
0	0	0	0	0	0	0	0	0	0	0	0	0	0	0	0	0	0	0	0
113	0	367	599	0	0	0	248	0	243	142	210	0	0	249	63	29	0	445	0
315	105	569	801	202	0	0	450	201	445	344	412	0	0	451	265	231	191	647	0
342	132	596	828	229	27	0	477	228	472	371	439	0	0	478	292	258	218	674	0
0	0	119	351	0	0	0	0	0	0	0	0	0	0	1	0	0	0	197	0
114	0	368	600	1	0	0	249	0	244	143	211	0	0	250	64	30	0	446	0
0	0	124	356	0	0	0	5	0	0	0	0	0	0	6	0	0	0	202	0
0	0	225	457	0	0	0	106	0	101	0	68	0	0	107	0	0	0	303	0
0	0	157	389	0	0	0	38	0	33	0	0	0	0	39	0	0	0	235	0
346	136	600	832	233	31	4	481	232	476	375	443	0	0	482	296	262	222	678	0
400	190	654	886	287	85	58	535	286	530	429	497	54	0	536	350	316	276	732	54
0	0	118	350	0	0	0	0	0	0	0	0	0	0	0	0	0	0	196	0
50	0	304	536	0	0	0	185	0	180	79	147	0	0	186	0	0	0	382	0
84	0	338	570	0	0	0	219	0	214	113	181	0	0	220	34	0	0	416	0
124	0	378	610	11	0	0	259	10	254	153	221	0	0	260	74	40	0	456	0
0	0	0	154	0	0	0	0	0	0	0	0	0	0	0	0	0	0	0	0
346	136	600	832	233	31	4	481	232	476	375	443	0	0	482	296	262	222	678	0

0	35	45	305	35	0	5	0	465	975	0	0	0	35	0	265	285	45	5	205
0	0	10	270	0	0	0	0	430	940	0	0	0	0	0	230	250	10	0	170
0	0	0	260	0	0	0	0	420	930	0	0	0	0	0	220	240	0	0	160
0	0	0	0	0	0	0	0	160	670	0	0	0	0	0	0	0	0	0	0
0	0	10	270	0	0	0	0	430	940	0	0	0	0	0	230	250	10	0	170
95	130	140	400	130	0	100	0	560	1070	50	0	30	130	20	360	380	140	100	300
0	30	40	300	30	0	0	0	460	970	0	0	0	30	0	260	280	40	0	200
120	155	165	425	155	25	125	0	585	1095	75	25	55	155	45	385	405	165	125	325
0	0	0	0	0	0	0	0	0	510	0	0	0	0	0	0	0	0	0	0
0	0	0	0	0	0	0	0	0	0	0	0	0	0	0	0	0	0	0	0
45	80	90	350	80	0	50	0	510	1020	0	0	0	80	0	310	330	90	50	250
95	130	140	400	130	0	100	0	560	1070	50	0	30	130	20	360	380	140	100	300
65	100	110	370	100	0	70	0	530	1040	20	0	0	100	0	330	350	110	70	270
0	0	10	270	0	0	0	0	430	940	0	0	0	0	0	230	250	10	0	170
75	110	120	380	110	0	80	0	540	1050	30	0	10	110	0	340	360	120	80	280
0	0	0	40	0	0	0	0	200	710	0	0	0	0	0	0	20	0	0	0
0	0	0	20	0	0	0	0	180	690	0	0	0	0	0	0	0	0	0	0
0	0	0	260	0	0	0	0	420	930	0	0	0	0	0	220	240	0	0	160
0	30	40	300	30	0	0	0	460	970	0	0	0	30	0	260	280	40	0	200
0	0	0	100	0	0	0	0	260	770	0	0	0	0	0	60	80	0	0	0

0	0	0	0	0	95	0	120	0	0	45	95	65	0	75	0	0	0	0	0
35	0	0	0	0	130	30	155	0	0	80	130	100	0	110	0	0	0	30	0
45	10	0	0	10	140	40	165	0	0	90	140	110	10	120	0	0	0	40	0
305	270	260	0	270	400	300	425	0	0	350	400	370	270	380	40	20	260	300	100
35	0	0	0	0	130	30	155	0	0	80	130	100	0	110	0	0	0	30	0
0	0	0	0	0	0	0	25	0	0	0	0	0	0	0	0	0	0	0	0
5	0	0	0	0	100	0	125	0	0	50	100	70	0	80	0	0	0	0	0
0	0	0	0	0	0	0	0	0	0	0	0	0	0	0	0	0	0	0	0
465	430	420	160	430	560	460	585	0	0	510	560	530	430	540	200	180	420	460	260
975	940	930	670	940	1070	970	1095	510	0	1020	1070	1040	940	1050	710	690	930	970	770
0	0	0	0	0	50	0	75	0	0	0	50	20	0	30	0	0	0	0	0
0	0	0	0	0	0	0	25	0	0	0	0	0	0	0	0	0	0	0	0
0	0	0	0	0	30	0	55	0	0	0	30	0	0	10	0	0	0	0	0
35	0	0	0	0	130	30	155	0	0	80	130	100	0	110	0	0	0	30	0
0	0	0	0	0	20	0	45	0	0	0	20	0	0	0	0	0	0	0	0
265	230	220	0	230	360	260	385	0	0	310	360	330	230	340	0	0	220	260	60
285	250	240	0	250	380	280	405	0	0	330	380	350	250	360	20	0	240	280	80
45	10	0	0	10	140	40	165	0	0	90	140	110	10	120	0	0	0	40	0
5	0	0	0	0	100	0	125	0	0	50	100	70	0	80	0	0	0	0	0
205	170	160	0	170	300	200	325	0	0	250	300	270	170	280	0	0	160	200	0