1722 1475 1716 1692 1700 1681 1705 1599 1545 1595 1744 1732 1711 1535 1636 1578 1745 1737 1717 1733

41

82 113 83 86 85 87 84 97 104 98 80 81 83 105 93 100 79 80 83 81

53 18 14 15

9986

0	0	0	0	0	0	89	0	302	180	0	0	0	329	0	215	0	0	58	17
271	0	106	29	236	0	360	0	573	451	61	29	207	600	2	486	98	106	329	288
165	0	0	0	130	0	254	0	467	345	0	0	101	494	0	380	0	0	223	182
242	0	77	0	207	0	331	0	544	422	32	0	178	571	0	457	69	77	300	259
35	0	0	0	0	0	124	0	337	215	0	0	0	364	0	250	0	0	93	52
285	14	120	43	250	0	374	0	587	465	75	43	221	614	16	500	112	120	343	302
0	0	0	0	0	0	0	0	213	91	0	0	0	240	0	126	0	0	0	0
403	132	238	161	368	118	492	0	705	583	193	161	339	732	134	618	230	238	461	420
0	0	0	0	0	0	0	0	0	0	0	0	0	27	0	0	0	0	0	0
0	0	0	0	0	0	0	0	122	0	0	0	0	149	0	35	0	0	0	0
210	0	45	0	175	0	299	0	512	390	0	0	146	539	0	425	37	45	268	227
242	0	77	0	207	0	331	0	544	422	32	0	178	571	0	457	69	77	300	259
64	0	0	0	29	0	153	0	366	244	0	0	0	393	0	279	0	0	122	81
0	0	0	0	0	0	0	0	0	0	0	0	0	0	0	0	0	0	0	0
269	0	104	27	234	0	358	0	571	449	59	27	205	598	0	484	96	104	327	286
0	0	0	0	0	0	0	0	87	0	0	0	0	114	0	0	0	0	0	0
173	0	8	0	138	0	262	0	475	353	0	0	109	502	0	388	0	8	231	190
165	0	0	0	130	0	254	0	467	345	0	0	101	494	0	380	0	0	223	182
0	0	0	0	0	0	31	0	244	122	0	0	0	271	0	157	0	0	0	0
0	0	0	0	0	0	72	0	285	163	0	0	0	312	0	198	0	0	41	0

0	271	165	242	35	285	0	403	0	0	210	242	64	0	269	0	173	165	0	0
0	0	0	0	0	14	0	132	0	0	0	0	0	0	0	0	0	0	0	0
0	106	0	77	0	120	0	238	0	0	45	77	0	0	104	0	8	0	0	0
0	29	0	0	0	43	0	161	0	0	0	0	0	0	27	0	0	0	0	0
0	236	130	207	0	250	0	368	0	0	175	207	29	0	234	0	138	130	0	0
0	0	0	0	0	0	0	118	0	0	0	0	0	0	0	0	0	0	0	0
89	360	254	331	124	374	0	492	0	0	299	331	153	0	358	0	262	254	31	72
0	0	0	0	0	0	0	0	0	0	0	0	0	0	0	0	0	0	0	0
302	573	467	544	337	587	213	705	0	122	512	544	366	0	571	87	475	467	244	285
180	451	345	422	215	465	91	583	0	0	390	422	244	0	449	0	353	345	122	163
0	61	0	32	0	75	0	193	0	0	0	32	0	0	59	0	0	0	0	0
0	29	0	0	0	43	0	161	0	0	0	0	0	0	27	0	0	0	0	0
0	207	101	178	0	221	0	339	0	0	146	178	0	0	205	0	109	101	0	0
329	600	494	571	364	614	240	732	27	149	539	571	393	0	598	114	502	494	271	312
0	2	0	0	0	16	0	134	0	0	0	0	0	0	0	0	0	0	0	0
215	486	380	457	250	500	126	618	0	35	425	457	279	0	484	0	388	380	157	198
0	98	0	69	0	112	0	230	0	0	37	69	0	0	96	0	0	0	0	0
0	106	0	77	0	120	0	238	0	0	45	77	0	0	104	0	8	0	0	0
58	329	223	300	93	343	0	461	0	0	268	300	122	0	327	0	231	223	0	41
17	288	182	259	52	302	0	420	0	0	227	259	81	0	286	0	190	182	0	0

0	445	100	110	140	60	10	0	0	0	0	0	0	0	160	0	0	10	0	0
0	0	0	0	0	0	0	0	0	0	0	0	0	0	0	0	0	0	0	0
0	345	0	10	40	0	0	0	0	0	0	0	0	0	60	0	0	0	0	0
0	335	0	0	30	0	0	0	0	0	0	0	0	0	50	0	0	0	0	0
0	305	0	0	0	0	0	0	0	0	0	0	0	0	20	0	0	0	0	0
0	385	40	50	80	0	0	0	0	0	0	0	0	0	100	0	0	0	0	0
0	435	90	100	130	50	0	0	0	0	0	0	0	0	150	0	0	0	0	0
69	514	169	179	209	129	79	0	9	0	29	29	0	9	229	0	29	79	59	29
60	505	160	170	200	120	70	0	0	0	20	20	0	0	220	0	20	70	50	20
140	585	240	250	280	200	150	71	80	0	100	100	20	80	300	0	100	150	130	100
40	485	140	150	180	100	50	0	0	0	0	0	0	0	200	0	0	50	30	0
40	485	140	150	180	100	50	0	0	0	0	0	0	0	200	0	0	50	30	0
120	565	220	230	260	180	130	51	60	0	80	80	0	60	280	0	80	130	110	80
60	505	160	170	200	120	70	0	0	0	20	20	0	0	220	0	20	70	50	20
0	285	0	0	0	0	0	0	0	0	0	0	0	0	0	0	0	0	0	0
140	585	240	250	280	200	150	71	80	0	100	100	20	80	300	0	100	150	130	100
40	485	140	150	180	100	50	0	0	0	0	0	0	0	200	0	0	50	30	0
0	435	90	100	130	50	0	0	0	0	0	0	0	0	150	0	0	0	0	0
10	455	110	120	150	70	20	0	0	0	0	0	0	0	170	0	0	20	0	0
40	485	140	150	180	100	50	0	0	0	0	0	0	0	200	0	0	50	30	0

0	0	0	0	0	0	0	69	60	140	40	40	120	60	0	140	40	0	10	40
445	0	345	335	305	385	435	514	505	585	485	485	565	505	285	585	485	435	455	485
100	0	0	0	0	40	90	169	160	240	140	140	220	160	0	240	140	90	110	140
110	0	10	0	0	50	100	179	170	250	150	150	230	170	0	250	150	100	120	150
140	0	40	30	0	80	130	209	200	280	180	180	260	200	0	280	180	130	150	180
60	0	0	0	0	0	50	129	120	200	100	100	180	120	0	200	100	50	70	100
10	0	0	0	0	0	0	79	70	150	50	50	130	70	0	150	50	0	20	50
0	0	0	0	0	0	0	0	0	71	0	0	51	0	0	71	0	0	0	0
0	0	0	0	0	0	0	9	0	80	0	0	60	0	0	80	0	0	0	0
0	0	0	0	0	0	0	0	0	0	0	0	0	0	0	0	0	0	0	0
0	0	0	0	0	0	0	29	20	100	0	0	80	20	0	100	0	0	0	0
0	0	0	0	0	0	0	29	20	100	0	0	80	20	0	100	0	0	0	0
0	0	0	0	0	0	0	0	0	20	0	0	0	0	0	20	0	0	0	0
0	0	0	0	0	0	0	9	0	80	0	0	60	0	0	80	0	0	0	0
160	0	60	50	20	100	150	229	220	300	200	200	280	220	0	300	200	150	170	200
0	0	0	0	0	0	0	0	0	0	0	0	0	0	0	0	0	0	0	0
0	0	0	0	0	0	0	29	20	100	0	0	80	20	0	100	0	0	0	0
10	0	0	0	0	0	0	79	70	150	50	50	130	70	0	150	50	0	20	50
0	0	0	0	0	0	0	59	50	130	30	30	110	50	0	130	30	0	0	30
0	0	0	0	0	0	0	29	20	100	0	0	80	20	0	100	0	0	0	0