1607 1598 1781 1788 1700 1787 1699 1768 1664 1753 1772 944 1675 1726 1764 1687 1747 1760 1774 1769

41

130 132 101 100 115 100 115 104 121 106 103 241 119 111 104 117 107 105 103 103

53 18 14 15

10261

0	0	0	0	0	0	0	0	0	0	0	0	0	0	0	0	0	0	0	0
749	0	322	450	144	484	479	484	710	256	479	224	706	214	371	714	337	470	428	334
427	0	0	128	0	162	157	162	388	0	157	0	384	0	49	392	15	148	106	12
299	0	0	0	0	34	29	34	260	0	29	0	256	0	0	264	0	20	0	0
605	0	178	306	0	340	335	340	566	112	335	80	562	70	227	570	193	326	284	190
265	0	0	0	0	0	0	0	226	0	0	0	222	0	0	230	0	0	0	0
270	0	0	0	0	5	0	5	231	0	0	0	227	0	0	235	0	0	0	0
265	0	0	0	0	0	0	0	226	0	0	0	222	0	0	230	0	0	0	0
39	0	0	0	0	0	0	0	0	0	0	0	0	0	0	4	0	0	0	0
493	0	66	194	0	228	223	228	454	0	223	0	450	0	115	458	81	214	172	78
270	0	0	0	0	5	0	5	231	0	0	0	227	0	0	235	0	0	0	0
525	0	98	226	0	260	255	260	486	32	255	0	482	0	147	490	113	246	204	110
43	0	0	0	0	0	0	0	4	0	0	0	0	0	0	8	0	0	0	0
535	0	108	236	0	270	265	270	496	42	265	10	492	0	157	500	123	256	214	120
378	0	0	79	0	113	108	113	339	0	108	0	335	0	0	343	0	99	57	0
35	0	0	0	0	0	0	0	0	0	0	0	0	0	0	0	0	0	0	0
412	0	0	113	0	147	142	147	373	0	142	0	369	0	34	377	0	133	91	0
279	0	0	0	0	14	9	14	240	0	9	0	236	0	0	244	0	0	0	0
321	0	0	22	0	56	51	56	282	0	51	0	278	0	0	286	0	42	0	0
415	0	0	116	0	150	145	150	376	0	145	0	372	0	37	380	3	136	94	0

0	749	427	299	605	265	270	265	39	493	270	525	43	535	378	35	412	279	321	415
0	0	0	0	0	0	0	0	0	0	0	0	0	0	0	0	0	0	0	0
0	322	0	0	178	0	0	0	0	66	0	98	0	108	0	0	0	0	0	0
0	450	128	0	306	0	0	0	0	194	0	226	0	236	79	0	113	0	22	116
0	144	0	0	0	0	0	0	0	0	0	0	0	0	0	0	0	0	0	0
0	484	162	34	340	0	5	0	0	228	5	260	0	270	113	0	147	14	56	150
0	479	157	29	335	0	0	0	0	223	0	255	0	265	108	0	142	9	51	145
0	484	162	34	340	0	5	0	0	228	5	260	0	270	113	0	147	14	56	150
0	710	388	260	566	226	231	226	0	454	231	486	4	496	339	0	373	240	282	376
0	256	0	0	112	0	0	0	0	0	0	32	0	42	0	0	0	0	0	0
0	479	157	29	335	0	0	0	0	223	0	255	0	265	108	0	142	9	51	145
0	224	0	0	80	0	0	0	0	0	0	0	0	10	0	0	0	0	0	0
0	706	384	256	562	222	227	222	0	450	227	482	0	492	335	0	369	236	278	372
0	214	0	0	70	0	0	0	0	0	0	0	0	0	0	0	0	0	0	0
0	371	49	0	227	0	0	0	0	115	0	147	0	157	0	0	34	0	0	37
0	714	392	264	570	230	235	230	4	458	235	490	8	500	343	0	377	244	286	380
0	337	15	0	193	0	0	0	0	81	0	113	0	123	0	0	0	0	0	3
0	470	148	20	326	0	0	0	0	214	0	246	0	256	99	0	133	0	42	136
0	428	106	0	284	0	0	0	0	172	0	204	0	214	57	0	91	0	0	94
0	334	12	0	190	0	0	0	0	78	0	110	0	120	0	0	0	0	0	0

0	0	10	0	0	20	260	100	150	60	90	1700	130	0	0	0	100	0	0	50
80	0	90	60	80	100	340	180	230	140	170	1780	210	30	0	30	180	0	30	130
0	0	0	0	0	10	250	90	140	50	80	1690	120	0	0	0	90	0	0	40
20	0	30	0	20	40	280	120	170	80	110	1720	150	0	0	0	120	0	0	70
0	0	10	0	0	20	260	100	150	60	90	1700	130	0	0	0	100	0	0	50
0	0	0	0	0	0	240	80	130	40	70	1680	110	0	0	0	80	0	0	30
0	0	0	0	0	0	0	0	0	0	0	1440	0	0	0	0	0	0	0	0
0	0	0	0	0	0	160	0	50	0	0	1600	30	0	0	0	0	0	0	0
0	0	0	0	0	0	110	0	0	0	0	1550	0	0	0	0	0	0	0	0
0	0	0	0	0	0	200	40	90	0	30	1640	70	0	0	0	40	0	0	0
0	0	0	0	0	0	170	10	60	0	0	1610	40	0	0	0	10	0	0	0
0	0	0	0	0	0	0	0	0	0	0	0	0	0	0	0	0	0	0	0
0	0	0	0	0	0	130	0	20	0	0	1570	0	0	0	0	0	0	0	0
50	0	60	30	50	70	310	150	200	110	140	1750	180	0	0	0	150	0	0	100
100	20	110	80	100	120	360	200	250	160	190	1800	230	50	0	50	200	0	50	150
50	0	60	30	50	70	310	150	200	110	140	1750	180	0	0	0	150	0	0	100
0	0	0	0	0	0	160	0	50	0	0	1600	30	0	0	0	0	0	0	0
100	20	110	80	100	120	360	200	250	160	190	1800	230	50	0	50	200	0	50	150
50	0	60	30	50	70	310	150	200	110	140	1750	180	0	0	0	150	0	0	100
0	0	0	0	0	0	210	50	100	10	40	1650	80	0	0	0	50	0	0	0

0	80	0	20	0	0	0	0	0	0	0	0	0	50	100	50	0	100	50	0
0	0	0	0	0	0	0	0	0	0	0	0	0	0	20	0	0	20	0	0
10	90	0	30	10	0	0	0	0	0	0	0	0	60	110	60	0	110	60	0
0	60	0	0	0	0	0	0	0	0	0	0	0	30	80	30	0	80	30	0
0	80	0	20	0	0	0	0	0	0	0	0	0	50	100	50	0	100	50	0
20	100	10	40	20	0	0	0	0	0	0	0	0	70	120	70	0	120	70	0
260	340	250	280	260	240	0	160	110	200	170	0	130	310	360	310	160	360	310	210
100	180	90	120	100	80	0	0	0	40	10	0	0	150	200	150	0	200	150	50
150	230	140	170	150	130	0	50	0	90	60	0	20	200	250	200	50	250	200	100
60	140	50	80	60	40	0	0	0	0	0	0	0	110	160	110	0	160	110	10
90	170	80	110	90	70	0	0	0	30	0	0	0	140	190	140	0	190	140	40
1700	1780	1690	1720	1700	1680	1440	1600	1550	1640	1610	0	1570	1750	1800	1750	1600	1800	1750	1650
130	210	120	150	130	110	0	30	0	70	40	0	0	180	230	180	30	230	180	80
0	30	0	0	0	0	0	0	0	0	0	0	0	0	50	0	0	50	0	0
0	0	0	0	0	0	0	0	0	0	0	0	0	0	0	0	0	0	0	0
0	30	0	0	0	0	0	0	0	0	0	0	0	0	50	0	0	50	0	0
100	180	90	120	100	80	0	0	0	40	10	0	0	150	200	150	0	200	150	50
0	0	0	0	0	0	0	0	0	0	0	0	0	0	0	0	0	0	0	0
0	30	0	0	0	0	0	0	0	0	0	0	0	0	50	0	0	50	0	0
50	130	40	70	50	30	0	0	0	0	0	0	0	100	150	100	0	150	100	0