1686 1648 1550 1602 1634 1611 1628 1621 1630 1463 1647 1658 1690 1619 1549 1499 1265 1618 1122 1627

41

100 106 120 112 108 111 108 109 108 132 106 104 100 110 120 127 160 110 180 109

53 18 14 15

9731

0	237	290	0	0	255	264	314	0	0	0	190	22	0	0	504	210	260	120	0
0	0	53	0	0	18	27	77	0	0	0	0	0	0	0	267	0	23	0	0
0	0	0	0	0	0	0	24	0	0	0	0	0	0	0	214	0	0	0	0
203	440	493	0	29	458	467	517	149	0	92	393	225	136	0	707	413	463	323	144
174	411	464	0	0	429	438	488	120	0	63	364	196	107	0	678	384	434	294	115
0	0	35	0	0	0	9	59	0	0	0	0	0	0	0	249	0	5	0	0
0	0	26	0	0	0	0	50	0	0	0	0	0	0	0	240	0	0	0	0
0	0	0	0	0	0	0	0	0	0	0	0	0	0	0	190	0	0	0	0
54	291	344	0	0	309	318	368	0	0	0	244	76	0	0	558	264	314	174	0
350	587	640	147	176	605	614	664	296	0	239	540	372	283	140	854	560	610	470	291
111	348	401	0	0	366	375	425	57	0	0	301	133	44	0	615	321	371	231	52
0	47	100	0	0	65	74	124	0	0	0	0	0	0	0	314	20	70	0	0
0	215	268	0	0	233	242	292	0	0	0	168	0	0	0	482	188	238	98	0
67	304	357	0	0	322	331	381	13	0	0	257	89	0	0	571	277	327	187	8
210	447	500	7	36	465	474	524	156	0	99	400	232	143	0	714	420	470	330	151
0	0	0	0	0	0	0	0	0	0	0	0	0	0	0	0	0	0	0	0
0	27	80	0	0	45	54	104	0	0	0	0	0	0	0	294	0	50	0	0
0	0	30	0	0	0	4	54	0	0	0	0	0	0	0	244	0	0	0	0
0	117	170	0	0	135	144	194	0	0	0	70	0	0	0	384	90	140	0	0
59	296	349	0	0	314	323	373	5	0	0	249	81	0	0	563	269	319	179	0

0	0	0	203	174	0	0	0	54	350	111	0	0	67	210	0	0	0	0	59
237	0	0	440	411	0	0	0	291	587	348	47	215	304	447	0	27	0	117	296
290	53	0	493	464	35	26	0	344	640	401	100	268	357	500	0	80	30	170	349
0	0	0	0	0	0	0	0	0	147	0	0	0	0	7	0	0	0	0	0
0	0	0	29	0	0	0	0	0	176	0	0	0	0	36	0	0	0	0	0
255	18	0	458	429	0	0	0	309	605	366	65	233	322	465	0	45	0	135	314
264	27	0	467	438	9	0	0	318	614	375	74	242	331	474	0	54	4	144	323
314	77	24	517	488	59	50	0	368	664	425	124	292	381	524	0	104	54	194	373
0	0	0	149	120	0	0	0	0	296	57	0	0	13	156	0	0	0	0	5
0	0	0	0	0	0	0	0	0	0	0	0	0	0	0	0	0	0	0	0
0	0	0	92	63	0	0	0	0	239	0	0	0	0	99	0	0	0	0	0
190	0	0	393	364	0	0	0	244	540	301	0	168	257	400	0	0	0	70	249
22	0	0	225	196	0	0	0	76	372	133	0	0	89	232	0	0	0	0	81
0	0	0	136	107	0	0	0	0	283	44	0	0	0	143	0	0	0	0	0
0	0	0	0	0	0	0	0	0	140	0	0	0	0	0	0	0	0	0	0
504	267	214	707	678	249	240	190	558	854	615	314	482	571	714	0	294	244	384	563
210	0	0	413	384	0	0	0	264	560	321	20	188	277	420	0	0	0	90	269
260	23	0	463	434	5	0	0	314	610	371	70	238	327	470	0	50	0	140	319
120	0	0	323	294	0	0	0	174	470	231	0	98	187	330	0	0	0	0	179
0	0	0	144	115	0	0	0	0	291	52	0	0	8	151	0	0	0	0	0

0	50	0	80	0	0	0	20	0	0	48	0	0	180	0	0	870	180	1030	0
0	0	0	30	0	0	0	0	0	0	0	0	0	130	0	0	820	130	980	0
200	250	0	280	200	30	80	220	0	30	248	100	180	380	10	50	1070	380	1230	0
0	0	0	0	0	0	0	0	0	0	0	0	0	100	0	0	790	100	950	0
0	50	0	80	0	0	0	20	0	0	48	0	0	180	0	0	870	180	1030	0
170	220	0	250	170	0	50	190	0	0	218	70	150	350	0	20	1040	350	1200	0
120	170	0	200	120	0	0	140	0	0	168	20	100	300	0	0	990	300	1150	0
0	30	0	60	0	0	0	0	0	0	28	0	0	160	0	0	850	160	1010	0
200	250	0	280	200	30	80	220	0	30	248	100	180	380	10	50	1070	380	1230	0
170	220	0	250	170	0	50	190	0	0	218	70	150	350	0	20	1040	350	1200	0
0	2	0	32	0	0	0	0	0	0	0	0	0	132	0	0	822	132	982	0
100	150	0	180	100	0	0	120	0	0	148	0	80	280	0	0	970	280	1130	0
20	70	0	100	20	0	0	40	0	0	68	0	0	200	0	0	890	200	1050	0
0	0	0	0	0	0	0	0	0	0	0	0	0	0	0	0	690	0	850	0
190	240	0	270	190	20	70	210	0	20	238	90	170	370	0	40	1060	370	1220	0
150	200	0	230	150	0	30	170	0	0	198	50	130	330	0	0	1020	330	1180	0
0	0	0	0	0	0	0	0	0	0	0	0	0	0	0	0	0	0	160	0
0	0	0	0	0	0	0	0	0	0	0	0	0	0	0	0	690	0	850	0
0	0	0	0	0	0	0	0	0	0	0	0	0	0	0	0	0	0	0	0
200	250	0	280	200	30	80	220	0	30	248	100	180	380	10	50	1070	380	1230	0

0	0	200	0	0	170	120	0	200	170	0	100	20	0	190	150	0	0	0	200
50	0	250	0	50	220	170	30	250	220	2	150	70	0	240	200	0	0	0	250
0	0	0	0	0	0	0	0	0	0	0	0	0	0	0	0	0	0	0	0
80	30	280	0	80	250	200	60	280	250	32	180	100	0	270	230	0	0	0	280
0	0	200	0	0	170	120	0	200	170	0	100	20	0	190	150	0	0	0	200
0	0	30	0	0	0	0	0	30	0	0	0	0	0	20	0	0	0	0	30
0	0	80	0	0	50	0	0	80	50	0	0	0	0	70	30	0	0	0	80
20	0	220	0	20	190	140	0	220	190	0	120	40	0	210	170	0	0	0	220
0	0	0	0	0	0	0	0	0	0	0	0	0	0	0	0	0	0	0	0
0	0	30	0	0	0	0	0	30	0	0	0	0	0	20	0	0	0	0	30
48	0	248	0	48	218	168	28	248	218	0	148	68	0	238	198	0	0	0	248
0	0	100	0	0	70	20	0	100	70	0	0	0	0	90	50	0	0	0	100
0	0	180	0	0	150	100	0	180	150	0	80	0	0	170	130	0	0	0	180
180	130	380	100	180	350	300	160	380	350	132	280	200	0	370	330	0	0	0	380
0	0	10	0	0	0	0	0	10	0	0	0	0	0	0	0	0	0	0	10
0	0	50	0	0	20	0	0	50	20	0	0	0	0	40	0	0	0	0	50
870	820	1070	790	870	1040	990	850	1070	1040	822	970	890	690	1060	1020	0	690	0	1070
180	130	380	100	180	350	300	160	380	350	132	280	200	0	370	330	0	0	0	380
1030	980	1230	950	1030	1200	1150	1010	1230	1200	982	1130	1050	850	1220	1180	160	850	0	1230
0	0	0	0	0	0	0	0	0	0	0	0	0	0	0	0	0	0	0	0