1623 1493 1536 1598 1636 1609 1687 1657 1631 1616 1715 1727 1589 1543 1703 1321 1636 1612 1578 1702

41

86 100 96 89 84 87 79 82 85 87 76 74 90 95 77 120 84 87 91 77

53 18 14 15

9495

0	81	169	29	0	0	0	0	0	0	0	0	183	0	0	0	0	163	0	0
0	0	88	0	0	0	0	0	0	0	0	0	102	0	0	0	0	82	0	0
0	0	0	0	0	0	0	0	0	0	0	0	14	0	0	0	0	0	0	0
0	52	140	0	0	0	0	0	0	0	0	0	154	0	0	0	0	134	0	0
66	147	235	95	0	0	0	0	0	0	0	2	249	0	0	0	0	229	0	0
319	400	488	348	253	0	203	234	0	0	138	255	502	0	251	0	60	482	20	138
116	197	285	145	50	0	0	31	0	0	0	52	299	0	48	0	0	279	0	0
85	166	254	114	19	0	0	0	0	0	0	21	268	0	17	0	0	248	0	0
321	402	490	350	255	2	205	236	0	0	140	257	504	0	253	0	62	484	22	140
375	456	544	404	309	56	259	290	54	0	194	311	558	14	307	9	116	538	76	194
181	262	350	210	115	0	65	96	0	0	0	117	364	0	113	0	0	344	0	0
64	145	233	93	0	0	0	0	0	0	0	0	247	0	0	0	0	227	0	0
0	0	0	0	0	0	0	0	0	0	0	0	0	0	0	0	0	0	0	0
361	442	530	390	295	42	245	276	40	0	180	297	544	0	293	0	102	524	62	180
68	149	237	97	2	0	0	0	0	0	0	4	251	0	0	0	0	231	0	0
366	447	535	395	300	47	250	281	45	0	185	302	549	5	298	0	107	529	67	185
259	340	428	288	193	0	143	174	0	0	78	195	442	0	191	0	0	422	0	78
0	0	6	0	0	0	0	0	0	0	0	0	20	0	0	0	0	0	0	0
299	380	468	328	233	0	183	214	0	0	118	235	482	0	231	0	40	462	0	118
181	262	350	210	115	0	65	96	0	0	0	117	364	0	113	0	0	344	0	0

0	0	0	0	66	319	116	85	321	375	181	64	0	361	68	366	259	0	299	181
81	0	0	52	147	400	197	166	402	456	262	145	0	442	149	447	340	0	380	262
169	88	0	140	235	488	285	254	490	544	350	233	0	530	237	535	428	6	468	350
29	0	0	0	95	348	145	114	350	404	210	93	0	390	97	395	288	0	328	210
0	0	0	0	0	253	50	19	255	309	115	0	0	295	2	300	193	0	233	115
0	0	0	0	0	0	0	0	2	56	0	0	0	42	0	47	0	0	0	0
0	0	0	0	0	203	0	0	205	259	65	0	0	245	0	250	143	0	183	65
0	0	0	0	0	234	31	0	236	290	96	0	0	276	0	281	174	0	214	96
0	0	0	0	0	0	0	0	0	54	0	0	0	40	0	45	0	0	0	0
0	0	0	0	0	0	0	0	0	0	0	0	0	0	0	0	0	0	0	0
0	0	0	0	0	138	0	0	140	194	0	0	0	180	0	185	78	0	118	0
0	0	0	0	2	255	52	21	257	311	117	0	0	297	4	302	195	0	235	117
183	102	14	154	249	502	299	268	504	558	364	247	0	544	251	549	442	20	482	364
0	0	0	0	0	0	0	0	0	14	0	0	0	0	0	5	0	0	0	0
0	0	0	0	0	251	48	17	253	307	113	0	0	293	0	298	191	0	231	113
0	0	0	0	0	0	0	0	0	9	0	0	0	0	0	0	0	0	0	0
0	0	0	0	0	60	0	0	62	116	0	0	0	102	0	107	0	0	40	0
163	82	0	134	229	482	279	248	484	538	344	227	0	524	231	529	422	0	462	344
0	0	0	0	0	20	0	0	22	76	0	0	0	62	0	67	0	0	0	0
0	0	0	0	0	138	0	0	140	194	0	0	0	180	0	185	78	0	118	0

0	170	170	0	0	0	20	120	120	20	10	20	70	220	0	520	0	70	220	50
0	0	0	0	0	0	0	0	0	0	0	0	0	50	0	350	0	0	50	0
0	0	0	0	0	0	0	0	0	0	0	0	0	50	0	350	0	0	50	0
10	180	180	0	0	0	30	130	130	30	20	30	80	230	0	530	0	80	230	60
125	295	295	115	0	45	145	245	245	145	135	145	195	345	85	645	95	195	345	175
80	250	250	70	0	0	100	200	200	100	90	100	150	300	40	600	50	150	300	130
0	150	150	0	0	0	0	100	100	0	0	0	50	200	0	500	0	50	200	30
0	50	50	0	0	0	0	0	0	0	0	0	0	100	0	400	0	0	100	0
0	50	50	0	0	0	0	0	0	0	0	0	0	100	0	400	0	0	100	0
0	150	150	0	0	0	0	100	100	0	0	0	50	200	0	500	0	50	200	30
0	160	160	0	0	0	10	110	110	10	0	10	60	210	0	510	0	60	210	40
0	150	150	0	0	0	0	100	100	0	0	0	50	200	0	500	0	50	200	30
0	100	100	0	0	0	0	50	50	0	0	0	0	150	0	450	0	0	150	0
0	0	0	0	0	0	0	0	0	0	0	0	0	0	0	300	0	0	0	0
40	210	210	30	0	0	60	160	160	60	50	60	110	260	0	560	10	110	260	90
0	0	0	0	0	0	0	0	0	0	0	0	0	0	0	0	0	0	0	0
30	200	200	20	0	0	50	150	150	50	40	50	100	250	0	550	0	100	250	80
0	100	100	0	0	0	0	50	50	0	0	0	0	150	0	450	0	0	150	0
0	0	0	0	0	0	0	0	0	0	0	0	0	0	0	300	0	0	0	0
0	120	120	0	0	0	0	70	70	0	0	0	20	170	0	470	0	20	170	0

0	0	0	10	125	80	0	0	0	0	0	0	0	0	40	0	30	0	0	0
170	0	0	180	295	250	150	50	50	150	160	150	100	0	210	0	200	100	0	120
170	0	0	180	295	250	150	50	50	150	160	150	100	0	210	0	200	100	0	120
0	0	0	0	115	70	0	0	0	0	0	0	0	0	30	0	20	0	0	0
0	0	0	0	0	0	0	0	0	0	0	0	0	0	0	0	0	0	0	0
0	0	0	0	45	0	0	0	0	0	0	0	0	0	0	0	0	0	0	0
20	0	0	30	145	100	0	0	0	0	10	0	0	0	60	0	50	0	0	0
120	0	0	130	245	200	100	0	0	100	110	100	50	0	160	0	150	50	0	70
120	0	0	130	245	200	100	0	0	100	110	100	50	0	160	0	150	50	0	70
20	0	0	30	145	100	0	0	0	0	10	0	0	0	60	0	50	0	0	0
10	0	0	20	135	90	0	0	0	0	0	0	0	0	50	0	40	0	0	0
20	0	0	30	145	100	0	0	0	0	10	0	0	0	60	0	50	0	0	0
70	0	0	80	195	150	50	0	0	50	60	50	0	0	110	0	100	0	0	20
220	50	50	230	345	300	200	100	100	200	210	200	150	0	260	0	250	150	0	170
0	0	0	0	85	40	0	0	0	0	0	0	0	0	0	0	0	0	0	0
520	350	350	530	645	600	500	400	400	500	510	500	450	300	560	0	550	450	300	470
0	0	0	0	95	50	0	0	0	0	0	0	0	0	10	0	0	0	0	0
70	0	0	80	195	150	50	0	0	50	60	50	0	0	110	0	100	0	0	20
220	50	50	230	345	300	200	100	100	200	210	200	150	0	260	0	250	150	0	170
50	0	0	60	175	130	30	0	0	30	40	30	0	0	90	0	80	0	0	0