1662 1714 1723 1710 1697 1664 1627 1637 1604 1689 1700 1627 1727 1700 1611 1687 1222 1686 1344 1704

41

118 109 108 110 112 118 124 122 127 114 112 124 107 112 126 114 189 114 169 111

53 18 14 15

10170

0	0	0	0	0	0	31	0	190	0	0	0	0	0	190	24	0	0	0	0
410	0	20	320	0	0	441	315	600	25	285	160	60	293	600	434	0	158	320	80
390	0	0	300	0	0	421	295	580	5	265	140	40	273	580	414	0	138	300	60
90	0	0	0	0	0	121	0	280	0	0	0	0	0	280	114	0	0	0	0
444	34	54	354	0	0	475	349	634	59	319	194	94	327	634	468	0	192	354	114
464	54	74	374	20	0	495	369	654	79	339	214	114	347	654	488	0	212	374	134
0	0	0	0	0	0	0	0	159	0	0	0	0	0	159	0	0	0	0	0
95	0	0	5	0	0	126	0	285	0	0	0	0	0	285	119	0	0	5	0
0	0	0	0	0	0	0	0	0	0	0	0	0	0	0	0	0	0	0	0
385	0	0	295	0	0	416	290	575	0	260	135	35	268	575	409	0	133	295	55
125	0	0	35	0	0	156	30	315	0	0	0	0	8	315	149	0	0	35	0
250	0	0	160	0	0	281	155	440	0	125	0	0	133	440	274	0	0	160	0
350	0	0	260	0	0	381	255	540	0	225	100	0	233	540	374	0	98	260	20
117	0	0	27	0	0	148	22	307	0	0	0	0	0	307	141	0	0	27	0
0	0	0	0	0	0	0	0	0	0	0	0	0	0	0	0	0	0	0	0
0	0	0	0	0	0	7	0	166	0	0	0	0	0	166	0	0	0	0	0
499	89	109	409	55	35	530	404	689	114	374	249	149	382	689	523	0	247	409	169
252	0	0	162	0	0	283	157	442	0	127	2	0	135	442	276	0	0	162	0
90	0	0	0	0	0	121	0	280	0	0	0	0	0	280	114	0	0	0	0
330	0	0	240	0	0	361	235	520	0	205	80	0	213	520	354	0	78	240	0

0	410	390	90	444	464	0	95	0	385	125	250	350	117	0	0	499	252	90	330
0	0	0	0	34	54	0	0	0	0	0	0	0	0	0	0	89	0	0	0
0	20	0	0	54	74	0	0	0	0	0	0	0	0	0	0	109	0	0	0
0	320	300	0	354	374	0	5	0	295	35	160	260	27	0	0	409	162	0	240
0	0	0	0	0	20	0	0	0	0	0	0	0	0	0	0	55	0	0	0
0	0	0	0	0	0	0	0	0	0	0	0	0	0	0	0	35	0	0	0
31	441	421	121	475	495	0	126	0	416	156	281	381	148	0	7	530	283	121	361
0	315	295	0	349	369	0	0	0	290	30	155	255	22	0	0	404	157	0	235
190	600	580	280	634	654	159	285	0	575	315	440	540	307	0	166	689	442	280	520
0	25	5	0	59	79	0	0	0	0	0	0	0	0	0	0	114	0	0	0
0	285	265	0	319	339	0	0	0	260	0	125	225	0	0	0	374	127	0	205
0	160	140	0	194	214	0	0	0	135	0	0	100	0	0	0	249	2	0	80
0	60	40	0	94	114	0	0	0	35	0	0	0	0	0	0	149	0	0	0
0	293	273	0	327	347	0	0	0	268	8	133	233	0	0	0	382	135	0	213
190	600	580	280	634	654	159	285	0	575	315	440	540	307	0	166	689	442	280	520
24	434	414	114	468	488	0	119	0	409	149	274	374	141	0	0	523	276	114	354
0	0	0	0	0	0	0	0	0	0	0	0	0	0	0	0	0	0	0	0
0	158	138	0	192	212	0	0	0	133	0	0	98	0	0	0	247	0	0	78
0	320	300	0	354	374	0	5	0	295	35	160	260	27	0	0	409	162	0	240
0	80	60	0	114	134	0	0	0	55	0	0	20	0	0	0	169	0	0	0

0	50	45	0	50	0	150	330	60	190	150	350	0	0	0	0	1020	50	1020	0
0	0	0	0	0	0	100	280	10	140	100	300	0	0	0	0	970	0	970	0
0	5	0	0	5	0	105	285	15	145	105	305	0	0	0	0	975	5	975	0
0	50	45	0	50	0	150	330	60	190	150	350	0	0	0	0	1020	50	1020	0
0	0	0	0	0	0	100	280	10	140	100	300	0	0	0	0	970	0	970	0
40	90	85	40	90	0	190	370	100	230	190	390	40	0	40	0	1060	90	1060	10
0	0	0	0	0	0	0	180	0	40	0	200	0	0	0	0	870	0	870	0
0	0	0	0	0	0	0	0	0	0	0	20	0	0	0	0	690	0	690	0
0	0	0	0	0	0	90	270	0	130	90	290	0	0	0	0	960	0	960	0
0	0	0	0	0	0	0	140	0	0	0	160	0	0	0	0	830	0	830	0
0	0	0	0	0	0	0	180	0	40	0	200	0	0	0	0	870	0	870	0
0	0	0	0	0	0	0	0	0	0	0	0	0	0	0	0	670	0	670	0
0	50	45	0	50	0	150	330	60	190	150	350	0	0	0	0	1020	50	1020	0
99	149	144	99	149	59	249	429	159	289	249	449	99	0	99	59	1119	149	1119	69
0	50	45	0	50	0	150	330	60	190	150	350	0	0	0	0	1020	50	1020	0
40	90	85	40	90	0	190	370	100	230	190	390	40	0	40	0	1060	90	1060	10
0	0	0	0	0	0	0	0	0	0	0	0	0	0	0	0	0	0	0	0
0	0	0	0	0	0	100	280	10	140	100	300	0	0	0	0	970	0	970	0
0	0	0	0	0	0	0	0	0	0	0	0	0	0	0	0	0	0	0	0
30	80	75	30	80	0	180	360	90	220	180	380	30	0	30	0	1050	80	1050	0

0	0	0	0	0	40	0	0	0	0	0	0	0	99	0	40	0	0	0	30
50	0	5	50	0	90	0	0	0	0	0	0	50	149	50	90	0	0	0	80
45	0	0	45	0	85	0	0	0	0	0	0	45	144	45	85	0	0	0	75
0	0	0	0	0	40	0	0	0	0	0	0	0	99	0	40	0	0	0	30
50	0	5	50	0	90	0	0	0	0	0	0	50	149	50	90	0	0	0	80
0	0	0	0	0	0	0	0	0	0	0	0	0	59	0	0	0	0	0	0
150	100	105	150	100	190	0	0	90	0	0	0	150	249	150	190	0	100	0	180
330	280	285	330	280	370	180	0	270	140	180	0	330	429	330	370	0	280	0	360
60	10	15	60	10	100	0	0	0	0	0	0	60	159	60	100	0	10	0	90
190	140	145	190	140	230	40	0	130	0	40	0	190	289	190	230	0	140	0	220
150	100	105	150	100	190	0	0	90	0	0	0	150	249	150	190	0	100	0	180
350	300	305	350	300	390	200	20	290	160	200	0	350	449	350	390	0	300	0	380
0	0	0	0	0	40	0	0	0	0	0	0	0	99	0	40	0	0	0	30
0	0	0	0	0	0	0	0	0	0	0	0	0	0	0	0	0	0	0	0
0	0	0	0	0	40	0	0	0	0	0	0	0	99	0	40	0	0	0	30
0	0	0	0	0	0	0	0	0	0	0	0	0	59	0	0	0	0	0	0
1020	970	975	1020	970	1060	870	690	960	830	870	670	1020	1119	1020	1060	0	970	0	1050
50	0	5	50	0	90	0	0	0	0	0	0	50	149	50	90	0	0	0	80
1020	970	975	1020	970	1060	870	690	960	830	870	670	1020	1119	1020	1060	0	970	0	1050
0	0	0	0	0	10	0	0	0	0	0	0	0	69	0	10	0	0	0	0