1705 1486 1704 1691 1632 1349 1657 1483 1644 1532 1606 1670 1140 1687 1672 1538 1717 1676 1602 1682

41

84 111 84 86 93 128 90 111 91 105 96 88 153 86 88 104 82 87 97 87

53 18 14 15

9567

0	480	29	0	0	36	0	0	296	442	385	288	111	137	6	523	36	292	396	32
0	0	0	0	0	0	0	0	0	0	0	0	0	0	0	43	0	0	0	0
0	451	0	0	0	7	0	0	267	413	356	259	82	108	0	494	7	263	367	3
3	483	32	0	0	39	0	0	299	445	388	291	114	140	9	526	39	295	399	35
79	559	108	76	0	115	17	0	375	521	464	367	190	216	85	602	115	371	475	111
0	444	0	0	0	0	0	0	260	406	349	252	75	101	0	487	0	256	360	0
62	542	91	59	0	98	0	0	358	504	447	350	173	199	68	585	98	354	458	94
196	676	225	193	117	232	134	0	492	638	581	484	307	333	202	719	232	488	592	228
0	184	0	0	0	0	0	0	0	146	89	0	0	0	0	227	0	0	100	0
0	38	0	0	0	0	0	0	0	0	0	0	0	0	0	81	0	0	0	0
0	95	0	0	0	0	0	0	0	57	0	0	0	0	0	138	0	0	11	0
0	192	0	0	0	0	0	0	8	154	97	0	0	0	0	235	0	4	108	0
0	369	0	0	0	0	0	0	185	331	274	177	0	26	0	412	0	181	285	0
0	343	0	0	0	0	0	0	159	305	248	151	0	0	0	386	0	155	259	0
0	474	23	0	0	30	0	0	290	436	379	282	105	131	0	517	30	286	390	26
0	0	0	0	0	0	0	0	0	0	0	0	0	0	0	0	0	0	0	0
0	444	0	0	0	0	0	0	260	406	349	252	75	101	0	487	0	256	360	0
0	188	0	0	0	0	0	0	4	150	93	0	0	0	0	231	0	0	104	0
0	84	0	0	0	0	0	0	0	46	0	0	0	0	0	127	0	0	0	0
0	448	0	0	0	4	0	0	264	410	353	256	79	105	0	491	4	260	364	0

0	0	0	3	79	0	62	196	0	0	0	0	0	0	0	0	0	0	0	0
480	0	451	483	559	444	542	676	184	38	95	192	369	343	474	0	444	188	84	448
29	0	0	32	108	0	91	225	0	0	0	0	0	0	23	0	0	0	0	0
0	0	0	0	76	0	59	193	0	0	0	0	0	0	0	0	0	0	0	0
0	0	0	0	0	0	0	117	0	0	0	0	0	0	0	0	0	0	0	0
36	0	7	39	115	0	98	232	0	0	0	0	0	0	30	0	0	0	0	4
0	0	0	0	17	0	0	134	0	0	0	0	0	0	0	0	0	0	0	0
0	0	0	0	0	0	0	0	0	0	0	0	0	0	0	0	0	0	0	0
296	0	267	299	375	260	358	492	0	0	0	8	185	159	290	0	260	4	0	264
442	0	413	445	521	406	504	638	146	0	57	154	331	305	436	0	406	150	46	410
385	0	356	388	464	349	447	581	89	0	0	97	274	248	379	0	349	93	0	353
288	0	259	291	367	252	350	484	0	0	0	0	177	151	282	0	252	0	0	256
111	0	82	114	190	75	173	307	0	0	0	0	0	0	105	0	75	0	0	79
137	0	108	140	216	101	199	333	0	0	0	0	26	0	131	0	101	0	0	105
6	0	0	9	85	0	68	202	0	0	0	0	0	0	0	0	0	0	0	0
523	43	494	526	602	487	585	719	227	81	138	235	412	386	517	0	487	231	127	491
36	0	7	39	115	0	98	232	0	0	0	0	0	0	30	0	0	0	0	4
292	0	263	295	371	256	354	488	0	0	0	4	181	155	286	0	256	0	0	260
396	0	367	399	475	360	458	592	100	0	11	108	285	259	390	0	360	104	0	364
32	0	3	35	111	0	94	228	0	0	0	0	0	0	26	0	0	0	0	0

0	0	0	40	30	675	0	0	90	0	0	0	960	0	0	0	0	0	80	70
135	0	55	175	165	810	125	0	225	0	105	105	1095	55	25	55	125	125	215	205
80	0	0	120	110	755	70	0	170	0	50	50	1040	0	0	0	70	70	160	150
0	0	0	0	0	635	0	0	50	0	0	0	920	0	0	0	0	0	40	30
0	0	0	10	0	645	0	0	60	0	0	0	930	0	0	0	0	0	50	40
0	0	0	0	0	0	0	0	0	0	0	0	285	0	0	0	0	0	0	0
10	0	0	50	40	685	0	0	100	0	0	0	970	0	0	0	0	0	90	80
159	24	79	199	189	834	149	0	249	24	129	129	1119	79	49	79	149	149	239	229
0	0	0	0	0	585	0	0	0	0	0	0	870	0	0	0	0	0	0	0
135	0	55	175	165	810	125	0	225	0	105	105	1095	55	25	55	125	125	215	205
30	0	0	70	60	705	20	0	120	0	0	0	990	0	0	0	20	20	110	100
30	0	0	70	60	705	20	0	120	0	0	0	990	0	0	0	20	20	110	100
0	0	0	0	0	0	0	0	0	0	0	0	0	0	0	0	0	0	0	0
80	0	0	120	110	755	70	0	170	0	50	50	1040	0	0	0	70	70	160	150
110	0	30	150	140	785	100	0	200	0	80	80	1070	30	0	30	100	100	190	180
80	0	0	120	110	755	70	0	170	0	50	50	1040	0	0	0	70	70	160	150
10	0	0	50	40	685	0	0	100	0	0	0	970	0	0	0	0	0	90	80
10	0	0	50	40	685	0	0	100	0	0	0	970	0	0	0	0	0	90	80
0	0	0	0	0	595	0	0	10	0	0	0	880	0	0	0	0	0	0	0
0	0	0	0	0	605	0	0	20	0	0	0	890	0	0	0	0	0	10	0

0	135	80	0	0	0	10	159	0	135	30	30	0	80	110	80	10	10	0	0
0	0	0	0	0	0	0	24	0	0	0	0	0	0	0	0	0	0	0	0
0	55	0	0	0	0	0	79	0	55	0	0	0	0	30	0	0	0	0	0
40	175	120	0	10	0	50	199	0	175	70	70	0	120	150	120	50	50	0	0
30	165	110	0	0	0	40	189	0	165	60	60	0	110	140	110	40	40	0	0
675	810	755	635	645	0	685	834	585	810	705	705	0	755	785	755	685	685	595	605
0	125	70	0	0	0	0	149	0	125	20	20	0	70	100	70	0	0	0	0
0	0	0	0	0	0	0	0	0	0	0	0	0	0	0	0	0	0	0	0
90	225	170	50	60	0	100	249	0	225	120	120	0	170	200	170	100	100	10	20
0	0	0	0	0	0	0	24	0	0	0	0	0	0	0	0	0	0	0	0
0	105	50	0	0	0	0	129	0	105	0	0	0	50	80	50	0	0	0	0
0	105	50	0	0	0	0	129	0	105	0	0	0	50	80	50	0	0	0	0
960	1095	1040	920	930	285	970	1119	870	1095	990	990	0	1040	1070	1040	970	970	880	890
0	55	0	0	0	0	0	79	0	55	0	0	0	0	30	0	0	0	0	0
0	25	0	0	0	0	0	49	0	25	0	0	0	0	0	0	0	0	0	0
0	55	0	0	0	0	0	79	0	55	0	0	0	0	30	0	0	0	0	0
0	125	70	0	0	0	0	149	0	125	20	20	0	70	100	70	0	0	0	0
0	125	70	0	0	0	0	149	0	125	20	20	0	70	100	70	0	0	0	0
80	215	160	40	50	0	90	239	0	215	110	110	0	160	190	160	90	90	0	10
70	205	150	30	40	0	80	229	0	205	100	100	0	150	180	150	80	80	0	0