1624 1617 1660 1696 1708 1725 1499 1586 1303 1701 1488 1591 1694 1562 1649 1725 1692 1654 1288 1680

41

105 106 100 95 94 92 123 111 150 95 124 110 96 114 102 91 96 101 152 98

53 18 14 15

10030

0	0	0	0	0	0	0	0	0	0	217	0	0	0	0	0	0	25	0	0
335	0	270	80	110	82	0	0	80	90	552	320	45	0	0	84	290	360	240	334
65	0	0	0	0	0	0	0	0	0	282	50	0	0	0	0	20	90	0	64
255	0	190	0	30	2	0	0	0	10	472	240	0	0	0	4	210	280	160	254
225	0	160	0	0	0	0	0	0	0	442	210	0	0	0	0	180	250	130	224
253	0	188	0	28	0	0	0	0	8	470	238	0	0	0	2	208	278	158	252
601	266	536	346	376	348	0	96	346	356	818	586	311	181	200	350	556	626	506	600
505	170	440	250	280	252	0	0	250	260	722	490	215	85	104	254	460	530	410	504
255	0	190	0	30	2	0	0	0	10	472	240	0	0	0	4	210	280	160	254
245	0	180	0	20	0	0	0	0	0	462	230	0	0	0	0	200	270	150	244
0	0	0	0	0	0	0	0	0	0	0	0	0	0	0	0	0	0	0	0
15	0	0	0	0	0	0	0	0	0	232	0	0	0	0	0	0	40	0	14
290	0	225	35	65	37	0	0	35	45	507	275	0	0	0	39	245	315	195	289
420	85	355	165	195	167	0	0	165	175	637	405	130	0	19	169	375	445	325	419
401	66	336	146	176	148	0	0	146	156	618	386	111	0	0	150	356	426	306	400
251	0	186	0	26	0	0	0	0	6	468	236	0	0	0	0	206	276	156	250
45	0	0	0	0	0	0	0	0	0	262	30	0	0	0	0	0	70	0	44
0	0	0	0	0	0	0	0	0	0	192	0	0	0	0	0	0	0	0	0
95	0	30	0	0	0	0	0	0	0	312	80	0	0	0	0	50	120	0	94
1	0	0	0	0	0	0	0	0	0	218	0	0	0	0	0	0	26	0	0

0	335	65	255	225	253	601	505	255	245	0	15	290	420	401	251	45	0	95	1
0	0	0	0	0	0	266	170	0	0	0	0	0	85	66	0	0	0	0	0
0	270	0	190	160	188	536	440	190	180	0	0	225	355	336	186	0	0	30	0
0	80	0	0	0	0	346	250	0	0	0	0	35	165	146	0	0	0	0	0
0	110	0	30	0	28	376	280	30	20	0	0	65	195	176	26	0	0	0	0
0	82	0	2	0	0	348	252	2	0	0	0	37	167	148	0	0	0	0	0
0	0	0	0	0	0	0	0	0	0	0	0	0	0	0	0	0	0	0	0
0	0	0	0	0	0	96	0	0	0	0	0	0	0	0	0	0	0	0	0
0	80	0	0	0	0	346	250	0	0	0	0	35	165	146	0	0	0	0	0
0	90	0	10	0	8	356	260	10	0	0	0	45	175	156	6	0	0	0	0
217	552	282	472	442	470	818	722	472	462	0	232	507	637	618	468	262	192	312	218
0	320	50	240	210	238	586	490	240	230	0	0	275	405	386	236	30	0	80	0
0	45	0	0	0	0	311	215	0	0	0	0	0	130	111	0	0	0	0	0
0	0	0	0	0	0	181	85	0	0	0	0	0	0	0	0	0	0	0	0
0	0	0	0	0	0	200	104	0	0	0	0	0	19	0	0	0	0	0	0
0	84	0	4	0	2	350	254	4	0	0	0	39	169	150	0	0	0	0	0
0	290	20	210	180	208	556	460	210	200	0	0	245	375	356	206	0	0	50	0
25	360	90	280	250	278	626	530	280	270	0	40	315	445	426	276	70	0	120	26
0	240	0	160	130	158	506	410	160	150	0	0	195	325	306	156	0	0	0	0
0	334	64	254	224	252	600	504	254	244	0	14	289	419	400	250	44	0	94	0

0	0	80	20	250	248	40	70	1070	20	90	400	80	400	220	250	200	150	1000	100
45	0	125	65	295	293	85	115	1115	65	135	445	125	445	265	295	245	195	1045	145
0	0	0	0	170	168	0	0	990	0	10	320	0	320	140	170	120	70	920	20
0	0	60	0	230	228	20	50	1050	0	70	380	60	380	200	230	180	130	980	80
0	0	0	0	0	0	0	0	820	0	0	150	0	150	0	0	0	0	750	0
0	0	0	0	2	0	0	0	822	0	0	152	0	152	0	2	0	0	752	0
0	0	40	0	210	208	0	30	1030	0	50	360	40	360	180	210	160	110	960	60
0	0	10	0	180	178	0	0	1000	0	20	330	10	330	150	180	130	80	930	30
0	0	0	0	0	0	0	0	0	0	0	0	0	0	0	0	0	0	0	0
0	0	60	0	230	228	20	50	1050	0	70	380	60	380	200	230	180	130	980	80
0	0	0	0	160	158	0	0	980	0	0	310	0	310	130	160	110	60	910	10
0	0	0	0	0	0	0	0	670	0	0	0	0	0	0	0	0	0	600	0
0	0	0	0	170	168	0	0	990	0	10	320	0	320	140	170	120	70	920	20
0	0	0	0	0	0	0	0	670	0	0	0	0	0	0	0	0	0	600	0
0	0	0	0	30	28	0	0	850	0	0	180	0	180	0	30	0	0	780	0
0	0	0	0	0	0	0	0	820	0	0	150	0	150	0	0	0	0	750	0
0	0	0	0	50	48	0	0	870	0	0	200	0	200	20	50	0	0	800	0
0	0	0	0	100	98	0	0	920	0	0	250	0	250	70	100	50	0	850	0
0	0	0	0	0	0	0	0	70	0	0	0	0	0	0	0	0	0	0	0
0	0	0	0	150	148	0	0	970	0	0	300	0	300	120	150	100	50	900	0

0	45	0	0	0	0	0	0	0	0	0	0	0	0	0	0	0	0	0	0
0	0	0	0	0	0	0	0	0	0	0	0	0	0	0	0	0	0	0	0
80	125	0	60	0	0	40	10	0	60	0	0	0	0	0	0	0	0	0	0
20	65	0	0	0	0	0	0	0	0	0	0	0	0	0	0	0	0	0	0
250	295	170	230	0	2	210	180	0	230	160	0	170	0	30	0	50	100	0	150
248	293	168	228	0	0	208	178	0	228	158	0	168	0	28	0	48	98	0	148
40	85	0	20	0	0	0	0	0	20	0	0	0	0	0	0	0	0	0	0
70	115	0	50	0	0	30	0	0	50	0	0	0	0	0	0	0	0	0	0
1070	1115	990	1050	820	822	1030	1000	0	1050	980	670	990	670	850	820	870	920	70	970
20	65	0	0	0	0	0	0	0	0	0	0	0	0	0	0	0	0	0	0
90	135	10	70	0	0	50	20	0	70	0	0	10	0	0	0	0	0	0	0
400	445	320	380	150	152	360	330	0	380	310	0	320	0	180	150	200	250	0	300
80	125	0	60	0	0	40	10	0	60	0	0	0	0	0	0	0	0	0	0
400	445	320	380	150	152	360	330	0	380	310	0	320	0	180	150	200	250	0	300
220	265	140	200	0	0	180	150	0	200	130	0	140	0	0	0	20	70	0	120
250	295	170	230	0	2	210	180	0	230	160	0	170	0	30	0	50	100	0	150
200	245	120	180	0	0	160	130	0	180	110	0	120	0	0	0	0	50	0	100
150	195	70	130	0	0	110	80	0	130	60	0	70	0	0	0	0	0	0	50
1000	1045	920	980	750	752	960	930	0	980	910	600	920	600	780	750	800	850	0	900
100	145	20	80	0	0	60	30	0	80	10	0	20	0	0	0	0	0	0	0