1660 1723 1740 1670 1710 1606 1632 1521 1725 1742 1662 1735 1732 1709 1717 1720 1569 1720 1664 1522

41

92 84 82 91 86 99 96 110 84 82 92 83 83 86 85 85 104 85 92 110

53 18 14 15

10109

0	0	0	0	0	0	0	283	0	0	0	0	0	0	0	0	240	0	0	283
337	0	200	337	0	0	0	620	220	220	0	263	194	130	304	5	577	215	40	620
137	0	0	137	0	0	0	420	20	20	0	63	0	0	104	0	377	15	0	420
0	0	0	0	0	0	0	283	0	0	0	0	0	0	0	0	240	0	0	283
343	6	206	343	0	0	4	626	226	226	0	269	200	136	310	11	583	221	46	626
375	38	238	375	32	0	36	658	258	258	2	301	232	168	342	43	615	253	78	658
339	2	202	339	0	0	0	622	222	222	0	265	196	132	306	7	579	217	42	622
0	0	0	0	0	0	0	0	0	0	0	0	0	0	0	0	0	0	0	0
117	0	0	117	0	0	0	400	0	0	0	43	0	0	84	0	357	0	0	400
117	0	0	117	0	0	0	400	0	0	0	43	0	0	84	0	357	0	0	400
373	36	236	373	30	0	34	656	256	256	0	299	230	166	340	41	613	251	76	656
74	0	0	74	0	0	0	357	0	0	0	0	0	0	41	0	314	0	0	357
143	0	6	143	0	0	0	426	26	26	0	69	0	0	110	0	383	21	0	426
207	0	70	207	0	0	0	490	90	90	0	133	64	0	174	0	447	85	0	490
33	0	0	33	0	0	0	316	0	0	0	0	0	0	0	0	273	0	0	316
332	0	195	332	0	0	0	615	215	215	0	258	189	125	299	0	572	210	35	615
0	0	0	0	0	0	0	43	0	0	0	0	0	0	0	0	0	0	0	43
122	0	0	122	0	0	0	405	5	5	0	48	0	0	89	0	362	0	0	405
297	0	160	297	0	0	0	580	180	180	0	223	154	90	264	0	537	175	0	580
0	0	0	0	0	0	0	0	0	0	0	0	0	0	0	0	0	0	0	0

0	337	137	0	343	375	339	0	117	117	373	74	143	207	33	332	0	122	297	0
0	0	0	0	6	38	2	0	0	0	36	0	0	0	0	0	0	0	0	0
0	200	0	0	206	238	202	0	0	0	236	0	6	70	0	195	0	0	160	0
0	337	137	0	343	375	339	0	117	117	373	74	143	207	33	332	0	122	297	0
0	0	0	0	0	32	0	0	0	0	30	0	0	0	0	0	0	0	0	0
0	0	0	0	0	0	0	0	0	0	0	0	0	0	0	0	0	0	0	0
0	0	0	0	4	36	0	0	0	0	34	0	0	0	0	0	0	0	0	0
283	620	420	283	626	658	622	0	400	400	656	357	426	490	316	615	43	405	580	0
0	220	20	0	226	258	222	0	0	0	256	0	26	90	0	215	0	5	180	0
0	220	20	0	226	258	222	0	0	0	256	0	26	90	0	215	0	5	180	0
0	0	0	0	0	2	0	0	0	0	0	0	0	0	0	0	0	0	0	0
0	263	63	0	269	301	265	0	43	43	299	0	69	133	0	258	0	48	223	0
0	194	0	0	200	232	196	0	0	0	230	0	0	64	0	189	0	0	154	0
0	130	0	0	136	168	132	0	0	0	166	0	0	0	0	125	0	0	90	0
0	304	104	0	310	342	306	0	84	84	340	41	110	174	0	299	0	89	264	0
0	5	0	0	11	43	7	0	0	0	41	0	0	0	0	0	0	0	0	0
240	577	377	240	583	615	579	0	357	357	613	314	383	447	273	572	0	362	537	0
0	215	15	0	221	253	217	0	0	0	251	0	21	85	0	210	0	0	175	0
0	40	0	0	46	78	42	0	0	0	76	0	0	0	0	35	0	0	0	0
283	620	420	283	626	658	622	0	400	400	656	357	426	490	316	615	43	405	580	0

0	20	140	0	90	270	270	0	0	140	0	0	0	90	140	40	0	190	0	0
0	0	120	0	70	250	250	0	0	120	0	0	0	70	120	20	0	170	0	0
0	0	0	0	0	130	130	0	0	0	0	0	0	0	0	0	0	50	0	0
60	80	200	0	150	330	330	0	0	200	0	50	40	150	200	100	0	250	0	0
0	0	50	0	0	180	180	0	0	50	0	0	0	0	50	0	0	100	0	0
0	0	0	0	0	0	0	0	0	0	0	0	0	0	0	0	0	0	0	0
0	0	0	0	0	0	0	0	0	0	0	0	0	0	0	0	0	0	0	0
60	80	200	0	150	330	330	0	0	200	0	50	40	150	200	100	0	250	0	0
60	80	200	0	150	330	330	0	0	200	0	50	40	150	200	100	0	250	0	0
0	0	0	0	0	130	130	0	0	0	0	0	0	0	0	0	0	50	0	0
70	90	210	10	160	340	340	10	10	210	0	60	50	160	210	110	10	260	0	0
10	30	150	0	100	280	280	0	0	150	0	0	0	100	150	50	0	200	0	0
20	40	160	0	110	290	290	0	0	160	0	10	0	110	160	60	0	210	0	0
0	0	50	0	0	180	180	0	0	50	0	0	0	0	50	0	0	100	0	0
0	0	0	0	0	130	130	0	0	0	0	0	0	0	0	0	0	50	0	0
0	0	100	0	50	230	230	0	0	100	0	0	0	50	100	0	0	150	0	0
60	80	200	0	150	330	330	0	0	200	0	50	40	150	200	100	0	250	0	0
0	0	0	0	0	80	80	0	0	0	0	0	0	0	0	0	0	0	0	0
70	90	210	10	160	340	340	10	10	210	0	60	50	160	210	110	10	260	0	0
100	120	240	40	190	370	370	40	40	240	30	90	80	190	240	140	40	290	30	0

0	0	0	60	0	0	0	60	60	0	70	10	20	0	0	0	60	0	70	100
20	0	0	80	0	0	0	80	80	0	90	30	40	0	0	0	80	0	90	120
140	120	0	200	50	0	0	200	200	0	210	150	160	50	0	100	200	0	210	240
0	0	0	0	0	0	0	0	0	0	10	0	0	0	0	0	0	0	10	40
90	70	0	150	0	0	0	150	150	0	160	100	110	0	0	50	150	0	160	190
270	250	130	330	180	0	0	330	330	130	340	280	290	180	130	230	330	80	340	370
270	250	130	330	180	0	0	330	330	130	340	280	290	180	130	230	330	80	340	370
0	0	0	0	0	0	0	0	0	0	10	0	0	0	0	0	0	0	10	40
0	0	0	0	0	0	0	0	0	0	10	0	0	0	0	0	0	0	10	40
140	120	0	200	50	0	0	200	200	0	210	150	160	50	0	100	200	0	210	240
0	0	0	0	0	0	0	0	0	0	0	0	0	0	0	0	0	0	0	30
0	0	0	50	0	0	0	50	50	0	60	0	10	0	0	0	50	0	60	90
0	0	0	40	0	0	0	40	40	0	50	0	0	0	0	0	40	0	50	80
90	70	0	150	0	0	0	150	150	0	160	100	110	0	0	50	150	0	160	190
140	120	0	200	50	0	0	200	200	0	210	150	160	50	0	100	200	0	210	240
40	20	0	100	0	0	0	100	100	0	110	50	60	0	0	0	100	0	110	140
0	0	0	0	0	0	0	0	0	0	10	0	0	0	0	0	0	0	10	40
190	170	50	250	100	0	0	250	250	50	260	200	210	100	50	150	250	0	260	290
0	0	0	0	0	0	0	0	0	0	0	0	0	0	0	0	0	0	0	30
0	0	0	0	0	0	0	0	0	0	0	0	0	0	0	0	0	0	0	0