1717 1632 1775 1664 1727 1633 1693 1746 1743 1766 1735 1762 1674 1752 1722 1762 1487 1503 1770 1628

41

88 99 81 95 87 99 91 84 85 82 86 82 94 84 88 82 118 116 81 100

53 18 14 15

10148

0	0	285	380	320	509	0	316	120	241	350	285	0	220	125	283	0	0	280	570
119	0	404	499	439	628	95	435	239	360	469	404	78	339	244	402	0	0	399	689
0	0	0	95	35	224	0	31	0	0	65	0	0	0	0	0	0	0	0	285
0	0	0	0	0	129	0	0	0	0	0	0	0	0	0	0	0	0	0	190
0	0	0	60	0	189	0	0	0	0	30	0	0	0	0	0	0	0	0	250
0	0	0	0	0	0	0	0	0	0	0	0	0	0	0	0	0	0	0	61
24	0	309	404	344	533	0	340	144	265	374	309	0	244	149	307	0	0	304	594
0	0	0	64	4	193	0	0	0	0	34	0	0	0	0	0	0	0	0	254
0	0	165	260	200	389	0	196	0	121	230	165	0	100	5	163	0	0	160	450
0	0	44	139	79	268	0	75	0	0	109	44	0	0	0	42	0	0	39	329
0	0	0	30	0	159	0	0	0	0	0	0	0	0	0	0	0	0	0	220
0	0	0	95	35	224	0	31	0	0	65	0	0	0	0	0	0	0	0	285
41	0	326	421	361	550	17	357	161	282	391	326	0	261	166	324	0	0	321	611
0	0	65	160	100	289	0	96	0	21	130	65	0	0	0	63	0	0	60	350
0	0	160	255	195	384	0	191	0	116	225	160	0	95	0	158	0	0	155	445
0	0	2	97	37	226	0	33	0	0	67	2	0	0	0	0	0	0	0	287
214	95	499	594	534	723	190	530	334	455	564	499	173	434	339	497	0	24	494	784
190	71	475	570	510	699	166	506	310	431	540	475	149	410	315	473	0	0	470	760
0	0	5	100	40	229	0	36	0	0	70	5	0	0	0	3	0	0	0	290
0	0	0	0	0	0	0	0	0	0	0	0	0	0	0	0	0	0	0	0

0	119	0	0	0	0	24	0	0	0	0	0	41	0	0	0	214	190	0	0
0	0	0	0	0	0	0	0	0	0	0	0	0	0	0	0	95	71	0	0
285	404	0	0	0	0	309	0	165	44	0	0	326	65	160	2	499	475	5	0
380	499	95	0	60	0	404	64	260	139	30	95	421	160	255	97	594	570	100	0
320	439	35	0	0	0	344	4	200	79	0	35	361	100	195	37	534	510	40	0
509	628	224	129	189	0	533	193	389	268	159	224	550	289	384	226	723	699	229	0
0	95	0	0	0	0	0	0	0	0	0	0	17	0	0	0	190	166	0	0
316	435	31	0	0	0	340	0	196	75	0	31	357	96	191	33	530	506	36	0
120	239	0	0	0	0	144	0	0	0	0	0	161	0	0	0	334	310	0	0
241	360	0	0	0	0	265	0	121	0	0	0	282	21	116	0	455	431	0	0
350	469	65	0	30	0	374	34	230	109	0	65	391	130	225	67	564	540	70	0
285	404	0	0	0	0	309	0	165	44	0	0	326	65	160	2	499	475	5	0
0	78	0	0	0	0	0	0	0	0	0	0	0	0	0	0	173	149	0	0
220	339	0	0	0	0	244	0	100	0	0	0	261	0	95	0	434	410	0	0
125	244	0	0	0	0	149	0	5	0	0	0	166	0	0	0	339	315	0	0
283	402	0	0	0	0	307	0	163	42	0	0	324	63	158	0	497	473	3	0
0	0	0	0	0	0	0	0	0	0	0	0	0	0	0	0	0	0	0	0
0	0	0	0	0	0	0	0	0	0	0	0	0	0	0	0	24	0	0	0
280	399	0	0	0	0	304	0	160	39	0	0	321	60	155	0	494	470	0	0
570	689	285	190	250	61	594	254	450	329	220	285	611	350	445	287	784	760	290	0

0	0	0	80	80	0	0	30	0	0	0	0	0	10	30	0	0	0	60	0
120	0	100	200	200	100	30	150	10	110	60	100	100	130	150	0	70	50	180	100
20	0	0	100	100	0	0	50	0	10	0	0	0	30	50	0	0	0	80	0
0	0	0	0	0	0	0	0	0	0	0	0	0	0	0	0	0	0	0	0
0	0	0	0	0	0	0	0	0	0	0	0	0	0	0	0	0	0	0	0
20	0	0	100	100	0	0	50	0	10	0	0	0	30	50	0	0	0	80	0
90	0	70	170	170	70	0	120	0	80	30	70	70	100	120	0	40	20	150	70
0	0	0	50	50	0	0	0	0	0	0	0	0	0	0	0	0	0	30	0
110	0	90	190	190	90	20	140	0	100	50	90	90	120	140	0	60	40	170	90
10	0	0	90	90	0	0	40	0	0	0	0	0	20	40	0	0	0	70	0
60	0	40	140	140	40	0	90	0	50	0	40	40	70	90	0	10	0	120	40
20	0	0	100	100	0	0	50	0	10	0	0	0	30	50	0	0	0	80	0
20	0	0	100	100	0	0	50	0	10	0	0	0	30	50	0	0	0	80	0
0	0	0	70	70	0	0	20	0	0	0	0	0	0	20	0	0	0	50	0
0	0	0	50	50	0	0	0	0	0	0	0	0	0	0	0	0	0	30	0
120	0	100	200	200	100	30	150	10	110	60	100	100	130	150	0	70	50	180	100
50	0	30	130	130	30	0	80	0	40	0	30	30	60	80	0	0	0	110	30
70	0	50	150	150	50	0	100	0	60	10	50	50	80	100	0	20	0	130	50
0	0	0	20	20	0	0	0	0	0	0	0	0	0	0	0	0	0	0	0
20	0	0	100	100	0	0	50	0	10	0	0	0	30	50	0	0	0	80	0

0	120	20	0	0	20	90	0	110	10	60	20	20	0	0	120	50	70	0	20
0	0	0	0	0	0	0	0	0	0	0	0	0	0	0	0	0	0	0	0
0	100	0	0	0	0	70	0	90	0	40	0	0	0	0	100	30	50	0	0
80	200	100	0	0	100	170	50	190	90	140	100	100	70	50	200	130	150	20	100
80	200	100	0	0	100	170	50	190	90	140	100	100	70	50	200	130	150	20	100
0	100	0	0	0	0	70	0	90	0	40	0	0	0	0	100	30	50	0	0
0	30	0	0	0	0	0	0	20	0	0	0	0	0	0	30	0	0	0	0
30	150	50	0	0	50	120	0	140	40	90	50	50	20	0	150	80	100	0	50
0	10	0	0	0	0	0	0	0	0	0	0	0	0	0	10	0	0	0	0
0	110	10	0	0	10	80	0	100	0	50	10	10	0	0	110	40	60	0	10
0	60	0	0	0	0	30	0	50	0	0	0	0	0	0	60	0	10	0	0
0	100	0	0	0	0	70	0	90	0	40	0	0	0	0	100	30	50	0	0
0	100	0	0	0	0	70	0	90	0	40	0	0	0	0	100	30	50	0	0
10	130	30	0	0	30	100	0	120	20	70	30	30	0	0	130	60	80	0	30
30	150	50	0	0	50	120	0	140	40	90	50	50	20	0	150	80	100	0	50
0	0	0	0	0	0	0	0	0	0	0	0	0	0	0	0	0	0	0	0
0	70	0	0	0	0	40	0	60	0	10	0	0	0	0	70	0	20	0	0
0	50	0	0	0	0	20	0	40	0	0	0	0	0	0	50	0	0	0	0
60	180	80	0	0	80	150	30	170	70	120	80	80	50	30	180	110	130	0	80
0	100	0	0	0	0	70	0	90	0	40	0	0	0	0	100	30	50	0	0