1675 1659 1655 1672 1623 1586 1222 1589 1682 1670 1617 1628 1541 1621 1216 1681 1652 1578 1158 1509

41

107 109 110 107 115 120 175 120 106 108 116 114 127 115 176 106 110 121 184 132

53 18 14 15

9870

0	0	60	85	223	300	24	300	0	0	225	0	0	0	0	0	0	300	0	0
240	0	300	325	463	540	264	540	204	230	465	107	0	144	2	213	0	540	0	0
0	0	0	25	163	240	0	240	0	0	165	0	0	0	0	0	0	240	0	0
0	0	0	0	138	215	0	215	0	0	140	0	0	0	0	0	0	215	0	0
0	0	0	0	0	77	0	77	0	0	2	0	0	0	0	0	0	77	0	0
0	0	0	0	0	0	0	0	0	0	0	0	0	0	0	0	0	0	0	0
0	0	36	61	199	276	0	276	0	0	201	0	0	0	0	0	0	276	0	0
0	0	0	0	0	0	0	0	0	0	0	0	0	0	0	0	0	0	0	0
36	0	96	121	259	336	60	336	0	26	261	0	0	0	0	9	0	336	0	0
10	0	70	95	233	310	34	310	0	0	235	0	0	0	0	0	0	310	0	0
0	0	0	0	0	75	0	75	0	0	0	0	0	0	0	0	0	75	0	0
133	0	193	218	356	433	157	433	97	123	358	0	0	37	0	106	0	433	0	0
285	45	345	370	508	585	309	585	249	275	510	152	0	189	47	258	45	585	0	0
96	0	156	181	319	396	120	396	60	86	321	0	0	0	0	69	0	396	0	0
238	0	298	323	461	538	262	538	202	228	463	105	0	142	0	211	0	538	0	0
27	0	87	112	250	327	51	327	0	17	252	0	0	0	0	0	0	327	0	0
240	0	300	325	463	540	264	540	204	230	465	107	0	144	2	213	0	540	0	0
0	0	0	0	0	0	0	0	0	0	0	0	0	0	0	0	0	0	0	0
532	292	592	617	755	832	556	832	496	522	757	399	247	436	294	505	292	832	0	241
291	51	351	376	514	591	315	591	255	281	516	158	6	195	53	264	51	591	0	0

0	240	0	0	0	0	0	0	36	10	0	133	285	96	238	27	240	0	532	291
0	0	0	0	0	0	0	0	0	0	0	0	45	0	0	0	0	0	292	51
60	300	0	0	0	0	36	0	96	70	0	193	345	156	298	87	300	0	592	351
85	325	25	0	0	0	61	0	121	95	0	218	370	181	323	112	325	0	617	376
223	463	163	138	0	0	199	0	259	233	0	356	508	319	461	250	463	0	755	514
300	540	240	215	77	0	276	0	336	310	75	433	585	396	538	327	540	0	832	591
24	264	0	0	0	0	0	0	60	34	0	157	309	120	262	51	264	0	556	315
300	540	240	215	77	0	276	0	336	310	75	433	585	396	538	327	540	0	832	591
0	204	0	0	0	0	0	0	0	0	0	97	249	60	202	0	204	0	496	255
0	230	0	0	0	0	0	0	26	0	0	123	275	86	228	17	230	0	522	281
225	465	165	140	2	0	201	0	261	235	0	358	510	321	463	252	465	0	757	516
0	107	0	0	0	0	0	0	0	0	0	0	152	0	105	0	107	0	399	158
0	0	0	0	0	0	0	0	0	0	0	0	0	0	0	0	0	0	247	6
0	144	0	0	0	0	0	0	0	0	0	37	189	0	142	0	144	0	436	195
0	2	0	0	0	0	0	0	0	0	0	0	47	0	0	0	2	0	294	53
0	213	0	0	0	0	0	0	9	0	0	106	258	69	211	0	213	0	505	264
0	0	0	0	0	0	0	0	0	0	0	0	45	0	0	0	0	0	292	51
300	540	240	215	77	0	276	0	336	310	75	433	585	396	538	327	540	0	832	591
0	0	0	0	0	0	0	0	0	0	0	0	0	0	0	0	0	0	0	0
0	0	0	0	0	0	0	0	0	0	0	0	0	0	0	0	0	0	241	0

0	20	100	30	0	60	1070	30	30	100	70	95	380	300	1070	0	0	250	0	300
0	0	80	10	0	40	1050	10	10	80	50	75	360	280	1050	0	0	230	0	280
0	0	0	0	0	0	970	0	0	0	0	0	280	200	970	0	0	150	0	200
0	0	70	0	0	30	1040	0	0	70	40	65	350	270	1040	0	0	220	0	270
0	20	100	30	0	60	1070	30	30	100	70	95	380	300	1070	0	0	250	0	300
0	0	40	0	0	0	1010	0	0	40	10	35	320	240	1010	0	0	190	0	240
0	0	0	0	0	0	0	0	0	0	0	0	0	0	0	0	0	0	0	0
0	0	70	0	0	30	1040	0	0	70	40	65	350	270	1040	0	0	220	0	270
0	0	70	0	0	30	1040	0	0	70	40	65	350	270	1040	0	0	220	0	270
0	0	0	0	0	0	970	0	0	0	0	0	280	200	970	0	0	150	0	200
0	0	30	0	0	0	1000	0	0	30	0	25	310	230	1000	0	0	180	0	230
0	0	5	0	0	0	975	0	0	5	0	0	285	205	975	0	0	155	0	205
0	0	0	0	0	0	690	0	0	0	0	0	0	0	690	0	0	0	0	0
0	0	0	0	0	0	770	0	0	0	0	0	80	0	770	0	0	0	0	0
0	0	0	0	0	0	0	0	0	0	0	0	0	0	0	0	0	0	0	0
25	45	125	55	25	85	1095	55	55	125	95	120	405	325	1095	0	25	275	5	325
0	20	100	30	0	60	1070	30	30	100	70	95	380	300	1070	0	0	250	0	300
0	0	0	0	0	0	820	0	0	0	0	0	130	50	820	0	0	0	0	50
20	40	120	50	20	80	1090	50	50	120	90	115	400	320	1090	0	20	270	0	320
0	0	0	0	0	0	770	0	0	0	0	0	80	0	770	0	0	0	0	0

0	0	0	0	0	0	0	0	0	0	0	0	0	0	0	25	0	0	20	0
20	0	0	0	20	0	0	0	0	0	0	0	0	0	0	45	20	0	40	0
100	80	0	70	100	40	0	70	70	0	30	5	0	0	0	125	100	0	120	0
30	10	0	0	30	0	0	0	0	0	0	0	0	0	0	55	30	0	50	0
0	0	0	0	0	0	0	0	0	0	0	0	0	0	0	25	0	0	20	0
60	40	0	30	60	0	0	30	30	0	0	0	0	0	0	85	60	0	80	0
1070	1050	970	1040	1070	1010	0	1040	1040	970	1000	975	690	770	0	1095	1070	820	1090	770
30	10	0	0	30	0	0	0	0	0	0	0	0	0	0	55	30	0	50	0
30	10	0	0	30	0	0	0	0	0	0	0	0	0	0	55	30	0	50	0
100	80	0	70	100	40	0	70	70	0	30	5	0	0	0	125	100	0	120	0
70	50	0	40	70	10	0	40	40	0	0	0	0	0	0	95	70	0	90	0
95	75	0	65	95	35	0	65	65	0	25	0	0	0	0	120	95	0	115	0
380	360	280	350	380	320	0	350	350	280	310	285	0	80	0	405	380	130	400	80
300	280	200	270	300	240	0	270	270	200	230	205	0	0	0	325	300	50	320	0
1070	1050	970	1040	1070	1010	0	1040	1040	970	1000	975	690	770	0	1095	1070	820	1090	770
0	0	0	0	0	0	0	0	0	0	0	0	0	0	0	0	0	0	0	0
0	0	0	0	0	0	0	0	0	0	0	0	0	0	0	25	0	0	20	0
250	230	150	220	250	190	0	220	220	150	180	155	0	0	0	275	250	0	270	0
0	0	0	0	0	0	0	0	0	0	0	0	0	0	0	5	0	0	0	0
300	280	200	270	300	240	0	270	270	200	230	205	0	0	0	325	300	50	320	0