1522 1665 1695 1705 1763 1677 1755 1775 1713 1763 1260 1733 1681 1726 1516 1748 1679 1728 1729 1775

41

145 121 116 115 105 119 106 103 113 105 189 110 119 111 146 107 119 111 110 103

53 18 14 15

10027

0	0	0	0	0	0	0	0	0	0	0	0	0	0	0	0	0	0	0	0
180	0	0	0	0	142	0	0	0	0	130	0	0	0	0	0	0	95	0	0
200	20	0	0	0	162	0	0	0	0	150	0	0	0	0	0	0	115	0	0
575	395	375	0	279	537	215	275	38	325	525	58	0	66	0	242	25	490	100	271
296	116	96	0	0	258	0	0	0	46	246	0	0	0	0	0	0	211	0	0
38	0	0	0	0	0	0	0	0	0	0	0	0	0	0	0	0	0	0	0
360	180	160	0	64	322	0	60	0	110	310	0	0	0	0	27	0	275	0	56
300	120	100	0	4	262	0	0	0	50	250	0	0	0	0	0	0	215	0	0
537	357	337	0	241	499	177	237	0	287	487	20	0	28	0	204	0	452	62	233
250	70	50	0	0	212	0	0	0	0	200	0	0	0	0	0	0	165	0	0
50	0	0	0	0	12	0	0	0	0	0	0	0	0	0	0	0	0	0	0
517	337	317	0	221	479	157	217	0	267	467	0	0	8	0	184	0	432	42	213
587	407	387	12	291	549	227	287	50	337	537	70	0	78	0	254	37	502	112	283
509	329	309	0	213	471	149	209	0	259	459	0	0	0	0	176	0	424	34	205
790	610	590	215	494	752	430	490	253	540	740	273	203	281	0	457	240	705	315	486
333	153	133	0	37	295	0	33	0	83	283	0	0	0	0	0	0	248	0	29
550	370	350	0	254	512	190	250	13	300	500	33	0	41	0	217	0	465	75	246
85	0	0	0	0	47	0	0	0	0	35	0	0	0	0	0	0	0	0	0
475	295	275	0	179	437	115	175	0	225	425	0	0	0	0	142	0	390	0	171
304	124	104	0	8	266	0	4	0	54	254	0	0	0	0	0	0	219	0	0

0	180	200	575	296	38	360	300	537	250	50	517	587	509	790	333	550	85	475	304
0	0	20	395	116	0	180	120	357	70	0	337	407	329	610	153	370	0	295	124
0	0	0	375	96	0	160	100	337	50	0	317	387	309	590	133	350	0	275	104
0	0	0	0	0	0	0	0	0	0	0	0	12	0	215	0	0	0	0	0
0	0	0	279	0	0	64	4	241	0	0	221	291	213	494	37	254	0	179	8
0	142	162	537	258	0	322	262	499	212	12	479	549	471	752	295	512	47	437	266
0	0	0	215	0	0	0	0	177	0	0	157	227	149	430	0	190	0	115	0
0	0	0	275	0	0	60	0	237	0	0	217	287	209	490	33	250	0	175	4
0	0	0	38	0	0	0	0	0	0	0	0	50	0	253	0	13	0	0	0
0	0	0	325	46	0	110	50	287	0	0	267	337	259	540	83	300	0	225	54
0	130	150	525	246	0	310	250	487	200	0	467	537	459	740	283	500	35	425	254
0	0	0	58	0	0	0	0	20	0	0	0	70	0	273	0	33	0	0	0
0	0	0	0	0	0	0	0	0	0	0	0	0	0	203	0	0	0	0	0
0	0	0	66	0	0	0	0	28	0	0	8	78	0	281	0	41	0	0	0
0	0	0	0	0	0	0	0	0	0	0	0	0	0	0	0	0	0	0	0
0	0	0	242	0	0	27	0	204	0	0	184	254	176	457	0	217	0	142	0
0	0	0	25	0	0	0	0	0	0	0	0	37	0	240	0	0	0	0	0
0	95	115	490	211	0	275	215	452	165	0	432	502	424	705	248	465	0	390	219
0	0	0	100	0	0	0	0	62	0	0	42	112	34	315	0	75	0	0	0
0	0	0	271	0	0	56	0	233	0	0	213	283	205	486	29	246	0	171	0

0	0	0	0	0	0	0	0	0	0	770	0	0	0	0	0	0	0	0	0
250	0	50	0	180	50	50	150	0	150	1020	80	0	0	0	0	250	50	201	150
200	0	0	0	130	0	0	100	0	100	970	30	0	0	0	0	200	0	151	100
270	20	70	0	200	70	70	170	0	170	1040	100	0	20	20	0	270	70	221	170
70	0	0	0	0	0	0	0	0	0	840	0	0	0	0	0	70	0	21	0
200	0	0	0	130	0	0	100	0	100	970	30	0	0	0	0	200	0	151	100
200	0	0	0	130	0	0	100	0	100	970	30	0	0	0	0	200	0	151	100
100	0	0	0	30	0	0	0	0	0	870	0	0	0	0	0	100	0	51	0
270	20	70	0	200	70	70	170	0	170	1040	100	0	20	20	0	270	70	221	170
100	0	0	0	30	0	0	0	0	0	870	0	0	0	0	0	100	0	51	0
0	0	0	0	0	0	0	0	0	0	0	0	0	0	0	0	0	0	0	0
170	0	0	0	100	0	0	70	0	70	940	0	0	0	0	0	170	0	121	70
300	50	100	30	230	100	100	200	30	200	1070	130	0	50	50	0	300	100	251	200
250	0	50	0	180	50	50	150	0	150	1020	80	0	0	0	0	250	50	201	150
250	0	50	0	180	50	50	150	0	150	1020	80	0	0	0	0	250	50	201	150
300	50	100	30	230	100	100	200	30	200	1070	130	0	50	50	0	300	100	251	200
0	0	0	0	0	0	0	0	0	0	770	0	0	0	0	0	0	0	0	0
200	0	0	0	130	0	0	100	0	100	970	30	0	0	0	0	200	0	151	100
49	0	0	0	0	0	0	0	0	0	819	0	0	0	0	0	49	0	0	0
100	0	0	0	30	0	0	0	0	0	870	0	0	0	0	0	100	0	51	0

0	250	200	270	70	200	200	100	270	100	0	170	300	250	250	300	0	200	49	100
0	0	0	20	0	0	0	0	20	0	0	0	50	0	0	50	0	0	0	0
0	50	0	70	0	0	0	0	70	0	0	0	100	50	50	100	0	0	0	0
0	0	0	0	0	0	0	0	0	0	0	0	30	0	0	30	0	0	0	0
0	180	130	200	0	130	130	30	200	30	0	100	230	180	180	230	0	130	0	30
0	50	0	70	0	0	0	0	70	0	0	0	100	50	50	100	0	0	0	0
0	50	0	70	0	0	0	0	70	0	0	0	100	50	50	100	0	0	0	0
0	150	100	170	0	100	100	0	170	0	0	70	200	150	150	200	0	100	0	0
0	0	0	0	0	0	0	0	0	0	0	0	30	0	0	30	0	0	0	0
0	150	100	170	0	100	100	0	170	0	0	70	200	150	150	200	0	100	0	0
770	1020	970	1040	840	970	970	870	1040	870	0	940	1070	1020	1020	1070	770	970	819	870
0	80	30	100	0	30	30	0	100	0	0	0	130	80	80	130	0	30	0	0
0	0	0	0	0	0	0	0	0	0	0	0	0	0	0	0	0	0	0	0
0	0	0	20	0	0	0	0	20	0	0	0	50	0	0	50	0	0	0	0
0	0	0	20	0	0	0	0	20	0	0	0	50	0	0	50	0	0	0	0
0	0	0	0	0	0	0	0	0	0	0	0	0	0	0	0	0	0	0	0
0	250	200	270	70	200	200	100	270	100	0	170	300	250	250	300	0	200	49	100
0	50	0	70	0	0	0	0	70	0	0	0	100	50	50	100	0	0	0	0
0	201	151	221	21	151	151	51	221	51	0	121	251	201	201	251	0	151	0	51
0	150	100	170	0	100	100	0	170	0	0	70	200	150	150	200	0	100	0	0