1624 1652 1610 1593 1665 1617 1639 1593 1404 1652 1429 1643 1471 1662 1119 1622 1590 1096 1661 1463

41

97 94 99 101 92 98 95 101 125 94 122 95 117 92 161 98 102 164 93 118

53 18 14 15

9761

0	115	237	349	113	328	5	349	341	85	0	195	533	85	103	115	421	220	85	0
0	0	122	234	0	213	0	234	226	0	0	80	418	0	0	0	306	105	0	0
0	0	0	112	0	91	0	112	104	0	0	0	296	0	0	0	184	0	0	0
0	0	0	0	0	0	0	0	0	0	0	0	184	0	0	0	72	0	0	0
0	2	124	236	0	215	0	236	228	0	0	82	420	0	0	2	308	107	0	0
0	0	0	21	0	0	0	21	13	0	0	0	205	0	0	0	93	0	0	0
0	110	232	344	108	323	0	344	336	80	0	190	528	80	98	110	416	215	80	0
0	0	0	0	0	0	0	0	0	0	0	0	184	0	0	0	72	0	0	0
0	0	0	8	0	0	0	8	0	0	0	0	192	0	0	0	80	0	0	0
0	30	152	264	28	243	0	264	256	0	0	110	448	0	18	30	336	135	0	0
207	322	444	556	320	535	212	556	548	292	0	402	740	292	310	322	628	427	292	132
0	0	42	154	0	133	0	154	146	0	0	0	338	0	0	0	226	25	0	0
0	0	0	0	0	0	0	0	0	0	0	0	0	0	0	0	0	0	0	0
0	30	152	264	28	243	0	264	256	0	0	110	448	0	18	30	336	135	0	0
0	12	134	246	10	225	0	246	238	0	0	92	430	0	0	12	318	117	0	0
0	0	122	234	0	213	0	234	226	0	0	80	418	0	0	0	306	105	0	0
0	0	0	0	0	0	0	0	0	0	0	0	112	0	0	0	0	0	0	0
0	0	17	129	0	108	0	129	121	0	0	0	313	0	0	0	201	0	0	0
0	30	152	264	28	243	0	264	256	0	0	110	448	0	18	30	336	135	0	0
75	190	312	424	188	403	80	424	416	160	0	270	608	160	178	190	496	295	160	0

0	0	0	0	0	0	0	0	0	0	207	0	0	0	0	0	0	0	0	75
115	0	0	0	2	0	110	0	0	30	322	0	0	30	12	0	0	0	30	190
237	122	0	0	124	0	232	0	0	152	444	42	0	152	134	122	0	17	152	312
349	234	112	0	236	21	344	0	8	264	556	154	0	264	246	234	0	129	264	424
113	0	0	0	0	0	108	0	0	28	320	0	0	28	10	0	0	0	28	188
328	213	91	0	215	0	323	0	0	243	535	133	0	243	225	213	0	108	243	403
5	0	0	0	0	0	0	0	0	0	212	0	0	0	0	0	0	0	0	80
349	234	112	0	236	21	344	0	8	264	556	154	0	264	246	234	0	129	264	424
341	226	104	0	228	13	336	0	0	256	548	146	0	256	238	226	0	121	256	416
85	0	0	0	0	0	80	0	0	0	292	0	0	0	0	0	0	0	0	160
0	0	0	0	0	0	0	0	0	0	0	0	0	0	0	0	0	0	0	0
195	80	0	0	82	0	190	0	0	110	402	0	0	110	92	80	0	0	110	270
533	418	296	184	420	205	528	184	192	448	740	338	0	448	430	418	112	313	448	608
85	0	0	0	0	0	80	0	0	0	292	0	0	0	0	0	0	0	0	160
103	0	0	0	0	0	98	0	0	18	310	0	0	18	0	0	0	0	18	178
115	0	0	0	2	0	110	0	0	30	322	0	0	30	12	0	0	0	30	190
421	306	184	72	308	93	416	72	80	336	628	226	0	336	318	306	0	201	336	496
220	105	0	0	107	0	215	0	0	135	427	25	0	135	117	105	0	0	135	295
85	0	0	0	0	0	80	0	0	0	292	0	0	0	0	0	0	0	0	160
0	0	0	0	0	0	0	0	0	0	132	0	0	0	0	0	0	0	0	0

0	250	40	0	0	0	180	200	585	0	50	250	150	100	1230	250	100	1200	110	100
0	0	0	0	0	0	0	0	335	0	0	0	0	0	980	0	0	950	0	0
0	210	0	0	0	0	140	160	545	0	10	210	110	60	1190	210	60	1160	70	60
0	250	40	0	0	0	180	200	585	0	50	250	150	100	1230	250	100	1200	110	100
0	250	40	0	0	0	180	200	585	0	50	250	150	100	1230	250	100	1200	110	100
0	250	40	0	0	0	180	200	585	0	50	250	150	100	1230	250	100	1200	110	100
0	70	0	0	0	0	0	20	405	0	0	70	0	0	1050	70	0	1020	0	0
0	50	0	0	0	0	0	0	385	0	0	50	0	0	1030	50	0	1000	0	0
0	0	0	0	0	0	0	0	0	0	0	0	0	0	645	0	0	615	0	0
0	250	40	0	0	0	180	200	585	0	50	250	150	100	1230	250	100	1200	110	100
0	200	0	0	0	0	130	150	535	0	0	200	100	50	1180	200	50	1150	60	50
0	0	0	0	0	0	0	0	335	0	0	0	0	0	980	0	0	950	0	0
0	100	0	0	0	0	30	50	435	0	0	100	0	0	1080	100	0	1050	0	0
0	150	0	0	0	0	80	100	485	0	0	150	50	0	1130	150	0	1100	10	0
0	0	0	0	0	0	0	0	0	0	0	0	0	0	0	0	0	0	0	0
0	0	0	0	0	0	0	0	335	0	0	0	0	0	980	0	0	950	0	0
0	150	0	0	0	0	80	100	485	0	0	150	50	0	1130	150	0	1100	10	0
0	0	0	0	0	0	0	0	0	0	0	0	0	0	30	0	0	0	0	0
0	140	0	0	0	0	70	90	475	0	0	140	40	0	1120	140	0	1090	0	0
0	150	0	0	0	0	80	100	485	0	0	150	50	0	1130	150	0	1100	10	0

0	0	0	0	0	0	0	0	0	0	0	0	0	0	0	0	0	0	0	0
250	0	210	250	250	250	70	50	0	250	200	0	100	150	0	0	150	0	140	150
40	0	0	40	40	40	0	0	0	40	0	0	0	0	0	0	0	0	0	0
0	0	0	0	0	0	0	0	0	0	0	0	0	0	0	0	0	0	0	0
0	0	0	0	0	0	0	0	0	0	0	0	0	0	0	0	0	0	0	0
0	0	0	0	0	0	0	0	0	0	0	0	0	0	0	0	0	0	0	0
180	0	140	180	180	180	0	0	0	180	130	0	30	80	0	0	80	0	70	80
200	0	160	200	200	200	20	0	0	200	150	0	50	100	0	0	100	0	90	100
585	335	545	585	585	585	405	385	0	585	535	335	435	485	0	335	485	0	475	485
0	0	0	0	0	0	0	0	0	0	0	0	0	0	0	0	0	0	0	0
50	0	10	50	50	50	0	0	0	50	0	0	0	0	0	0	0	0	0	0
250	0	210	250	250	250	70	50	0	250	200	0	100	150	0	0	150	0	140	150
150	0	110	150	150	150	0	0	0	150	100	0	0	50	0	0	50	0	40	50
100	0	60	100	100	100	0	0	0	100	50	0	0	0	0	0	0	0	0	0
1230	980	1190	1230	1230	1230	1050	1030	645	1230	1180	980	1080	1130	0	980	1130	30	1120	1130
250	0	210	250	250	250	70	50	0	250	200	0	100	150	0	0	150	0	140	150
100	0	60	100	100	100	0	0	0	100	50	0	0	0	0	0	0	0	0	0
1200	950	1160	1200	1200	1200	1020	1000	615	1200	1150	950	1050	1100	0	950	1100	0	1090	1100
110	0	70	110	110	110	0	0	0	110	60	0	0	10	0	0	10	0	0	10
100	0	60	100	100	100	0	0	0	100	50	0	0	0	0	0	0	0	0	0