1693 1761 1761 1724 1644 1745 1751 1761 1783 1070 1611 1695 1781 1754 1775 1771 1789 1456 1748 1681

41

96 87 87 92 103 89 88 87 84 182 107 96 84 88 85 85 83 129 89 98

53 18 14 15

10328

0	0	0	0	0	0	0	0	0	54	0	0	0	0	0	0	0	0	40	0
180	0	120	122	160	0	0	0	60	234	0	0	80	68	120	0	82	0	220	0
60	0	0	2	40	0	0	0	0	114	0	0	0	0	0	0	0	0	100	0
58	0	0	0	38	0	0	0	0	112	0	0	0	0	0	0	0	0	98	0
20	0	0	0	0	0	0	0	0	74	0	0	0	0	0	0	0	0	60	0
265	85	205	207	245	0	29	84	145	319	0	0	165	153	205	85	167	0	305	0
236	56	176	178	216	0	0	55	116	290	0	0	136	124	176	56	138	0	276	0
181	1	121	123	161	0	0	0	61	235	0	0	81	69	121	1	83	0	221	0
120	0	60	62	100	0	0	0	0	174	0	0	20	8	60	0	22	0	160	0
0	0	0	0	0	0	0	0	0	0	0	0	0	0	0	0	0	0	0	0
454	274	394	396	434	189	218	273	334	508	0	109	354	342	394	274	356	0	494	129
345	165	285	287	325	80	109	164	225	399	0	0	245	233	285	165	247	0	385	20
100	0	40	42	80	0	0	0	0	154	0	0	0	0	40	0	2	0	140	0
112	0	52	54	92	0	0	0	0	166	0	0	12	0	52	0	14	0	152	0
60	0	0	2	40	0	0	0	0	114	0	0	0	0	0	0	0	0	100	0
180	0	120	122	160	0	0	0	60	234	0	0	80	68	120	0	82	0	220	0
98	0	38	40	78	0	0	0	0	152	0	0	0	0	38	0	0	0	138	0
502	322	442	444	482	237	266	321	382	556	48	157	402	390	442	322	404	0	542	177
0	0	0	0	0	0	0	0	0	14	0	0	0	0	0	0	0	0	0	0
325	145	265	267	305	60	89	144	205	379	0	0	225	213	265	145	227	0	365	0

0	180	60	58	20	265	236	181	120	0	454	345	100	112	60	180	98	502	0	325
0	0	0	0	0	85	56	1	0	0	274	165	0	0	0	0	0	322	0	145
0	120	0	0	0	205	176	121	60	0	394	285	40	52	0	120	38	442	0	265
0	122	2	0	0	207	178	123	62	0	396	287	42	54	2	122	40	444	0	267
0	160	40	38	0	245	216	161	100	0	434	325	80	92	40	160	78	482	0	305
0	0	0	0	0	0	0	0	0	0	189	80	0	0	0	0	0	237	0	60
0	0	0	0	0	29	0	0	0	0	218	109	0	0	0	0	0	266	0	89
0	0	0	0	0	84	55	0	0	0	273	164	0	0	0	0	0	321	0	144
0	60	0	0	0	145	116	61	0	0	334	225	0	0	0	60	0	382	0	205
54	234	114	112	74	319	290	235	174	0	508	399	154	166	114	234	152	556	14	379
0	0	0	0	0	0	0	0	0	0	0	0	0	0	0	0	0	48	0	0
0	0	0	0	0	0	0	0	0	0	109	0	0	0	0	0	0	157	0	0
0	80	0	0	0	165	136	81	20	0	354	245	0	12	0	80	0	402	0	225
0	68	0	0	0	153	124	69	8	0	342	233	0	0	0	68	0	390	0	213
0	120	0	0	0	205	176	121	60	0	394	285	40	52	0	120	38	442	0	265
0	0	0	0	0	85	56	1	0	0	274	165	0	0	0	0	0	322	0	145
0	82	0	0	0	167	138	83	22	0	356	247	2	14	0	82	0	404	0	227
0	0	0	0	0	0	0	0	0	0	0	0	0	0	0	0	0	0	0	0
40	220	100	98	60	305	276	221	160	0	494	385	140	152	100	220	138	542	0	365
0	0	0	0	0	0	0	0	0	0	129	20	0	0	0	0	0	177	0	0

0	0	70	170	290	70	100	0	70	1200	0	0	100	150	0	70	20	210	60	10
30	0	100	200	320	100	130	0	100	1230	0	30	130	180	0	100	50	240	90	40
0	0	0	100	220	0	30	0	0	1130	0	0	30	80	0	0	0	140	0	0
0	0	0	0	120	0	0	0	0	1030	0	0	0	0	0	0	0	40	0	0
0	0	0	0	0	0	0	0	0	910	0	0	0	0	0	0	0	0	0	0
0	0	0	100	220	0	30	0	0	1130	0	0	30	80	0	0	0	140	0	0
0	0	0	70	190	0	0	0	0	1100	0	0	0	50	0	0	0	110	0	0
30	0	100	200	320	100	130	0	100	1230	0	30	130	180	0	100	50	240	90	40
0	0	0	100	220	0	30	0	0	1130	0	0	30	80	0	0	0	140	0	0
0	0	0	0	0	0	0	0	0	0	0	0	0	0	0	0	0	0	0	0
30	0	100	200	320	100	130	0	100	1230	0	30	130	180	0	100	50	240	90	40
0	0	70	170	290	70	100	0	70	1200	0	0	100	150	0	70	20	210	60	10
0	0	0	70	190	0	0	0	0	1100	0	0	0	50	0	0	0	110	0	0
0	0	0	20	140	0	0	0	0	1050	0	0	0	0	0	0	0	60	0	0
30	0	100	200	320	100	130	0	100	1230	0	30	130	180	0	100	50	240	90	40
0	0	0	100	220	0	30	0	0	1130	0	0	30	80	0	0	0	140	0	0
0	0	50	150	270	50	80	0	50	1180	0	0	80	130	0	50	0	190	40	0
0	0	0	0	80	0	0	0	0	990	0	0	0	0	0	0	0	0	0	0
0	0	10	110	230	10	40	0	10	1140	0	0	40	90	0	10	0	150	0	0
0	0	60	160	280	60	90	0	60	1190	0	0	90	140	0	60	10	200	50	0

0	30	0	0	0	0	0	30	0	0	30	0	0	0	30	0	0	0	0	0
0	0	0	0	0	0	0	0	0	0	0	0	0	0	0	0	0	0	0	0
70	100	0	0	0	0	0	100	0	0	100	70	0	0	100	0	50	0	10	60
170	200	100	0	0	100	70	200	100	0	200	170	70	20	200	100	150	0	110	160
290	320	220	120	0	220	190	320	220	0	320	290	190	140	320	220	270	80	230	280
70	100	0	0	0	0	0	100	0	0	100	70	0	0	100	0	50	0	10	60
100	130	30	0	0	30	0	130	30	0	130	100	0	0	130	30	80	0	40	90
0	0	0	0	0	0	0	0	0	0	0	0	0	0	0	0	0	0	0	0
70	100	0	0	0	0	0	100	0	0	100	70	0	0	100	0	50	0	10	60
1200	1230	1130	1030	910	1130	1100	1230	1130	0	1230	1200	1100	1050	1230	1130	1180	990	1140	1190
0	0	0	0	0	0	0	0	0	0	0	0	0	0	0	0	0	0	0	0
0	30	0	0	0	0	0	30	0	0	30	0	0	0	30	0	0	0	0	0
100	130	30	0	0	30	0	130	30	0	130	100	0	0	130	30	80	0	40	90
150	180	80	0	0	80	50	180	80	0	180	150	50	0	180	80	130	0	90	140
0	0	0	0	0	0	0	0	0	0	0	0	0	0	0	0	0	0	0	0
70	100	0	0	0	0	0	100	0	0	100	70	0	0	100	0	50	0	10	60
20	50	0	0	0	0	0	50	0	0	50	20	0	0	50	0	0	0	0	10
210	240	140	40	0	140	110	240	140	0	240	210	110	60	240	140	190	0	150	200
60	90	0	0	0	0	0	90	0	0	90	60	0	0	90	0	40	0	0	50
10	40	0	0	0	0	0	40	0	0	40	10	0	0	40	0	0	0	0	0