1757 1593 1590 1731 1612 1726 1703 1673 1728 1695 1685 1662 1716 1500 1588 1741 1467 1625 1703 1692

41

83 105 105 87 102 87 90 94 87 91 93 96 88 117 105 85 121 100 90 92

53 18 14 15

10009

0	358	342	22	356	159	0	0	157	231	0	237	155	0	0	22	0	428	78	37
0	0	0	0	0	0	0	0	0	0	0	0	0	0	0	0	0	70	0	0
0	16	0	0	14	0	0	0	0	0	0	0	0	0	0	0	0	86	0	0
0	336	320	0	334	137	0	0	135	209	0	215	133	0	0	0	0	406	56	15
0	2	0	0	0	0	0	0	0	0	0	0	0	0	0	0	0	72	0	0
0	199	183	0	197	0	0	0	0	72	0	78	0	0	0	0	0	269	0	0
69	427	411	91	425	228	0	0	226	300	0	306	224	0	0	91	0	497	147	106
133	491	475	155	489	292	64	0	290	364	55	370	288	0	0	155	0	561	211	170
0	201	185	0	199	2	0	0	0	74	0	80	0	0	0	0	0	271	0	0
0	127	111	0	125	0	0	0	0	0	0	6	0	0	0	0	0	197	0	0
78	436	420	100	434	237	9	0	235	309	0	315	233	0	0	100	0	506	156	115
0	121	105	0	119	0	0	0	0	0	0	0	0	0	0	0	0	191	0	0
0	203	187	0	201	4	0	0	2	76	0	82	0	0	0	0	0	273	0	0
308	666	650	330	664	467	239	175	465	539	230	545	463	0	143	330	0	736	386	345
165	523	507	187	521	324	96	32	322	396	87	402	320	0	0	187	0	593	243	202
0	336	320	0	334	137	0	0	135	209	0	215	133	0	0	0	0	406	56	15
308	666	650	330	664	467	239	175	465	539	230	545	463	0	143	330	0	736	386	345
0	0	0	0	0	0	0	0	0	0	0	0	0	0	0	0	0	0	0	0
0	280	264	0	278	81	0	0	79	153	0	159	77	0	0	0	0	350	0	0
0	321	305	0	319	122	0	0	120	194	0	200	118	0	0	0	0	391	41	0

0	0	0	0	0	0	69	133	0	0	78	0	0	308	165	0	308	0	0	0
358	0	16	336	2	199	427	491	201	127	436	121	203	666	523	336	666	0	280	321
342	0	0	320	0	183	411	475	185	111	420	105	187	650	507	320	650	0	264	305
22	0	0	0	0	0	91	155	0	0	100	0	0	330	187	0	330	0	0	0
356	0	14	334	0	197	425	489	199	125	434	119	201	664	521	334	664	0	278	319
159	0	0	137	0	0	228	292	2	0	237	0	4	467	324	137	467	0	81	122
0	0	0	0	0	0	0	64	0	0	9	0	0	239	96	0	239	0	0	0
0	0	0	0	0	0	0	0	0	0	0	0	0	175	32	0	175	0	0	0
157	0	0	135	0	0	226	290	0	0	235	0	2	465	322	135	465	0	79	120
231	0	0	209	0	72	300	364	74	0	309	0	76	539	396	209	539	0	153	194
0	0	0	0	0	0	0	55	0	0	0	0	0	230	87	0	230	0	0	0
237	0	0	215	0	78	306	370	80	6	315	0	82	545	402	215	545	0	159	200
155	0	0	133	0	0	224	288	0	0	233	0	0	463	320	133	463	0	77	118
0	0	0	0	0	0	0	0	0	0	0	0	0	0	0	0	0	0	0	0
0	0	0	0	0	0	0	0	0	0	0	0	0	143	0	0	143	0	0	0
22	0	0	0	0	0	91	155	0	0	100	0	0	330	187	0	330	0	0	0
0	0	0	0	0	0	0	0	0	0	0	0	0	0	0	0	0	0	0	0
428	70	86	406	72	269	497	561	271	197	506	191	273	736	593	406	736	0	350	391
78	0	0	56	0	0	147	211	0	0	156	0	0	386	243	56	386	0	0	41
37	0	0	15	0	0	106	170	0	0	115	0	0	345	202	15	345	0	0	0

0	30	0	0	0	0	0	0	0	0	0	60	0	0	100	0	100	0	80	150
0	0	0	0	0	0	0	0	0	0	0	30	0	0	70	0	70	0	50	120
100	130	0	10	100	0	0	30	0	100	100	160	0	100	200	10	200	0	180	250
90	120	0	0	90	0	0	20	0	90	90	150	0	90	190	0	190	0	170	240
0	30	0	0	0	0	0	0	0	0	0	60	0	0	100	0	100	0	80	150
100	130	0	10	100	0	0	30	0	100	100	160	0	100	200	10	200	0	180	250
100	130	0	10	100	0	0	30	0	100	100	160	0	100	200	10	200	0	180	250
70	100	0	0	70	0	0	0	0	70	70	130	0	70	170	0	170	0	150	220
100	130	0	10	100	0	0	30	0	100	100	160	0	100	200	10	200	0	180	250
0	30	0	0	0	0	0	0	0	0	0	60	0	0	100	0	100	0	80	150
0	30	0	0	0	0	0	0	0	0	0	60	0	0	100	0	100	0	80	150
0	0	0	0	0	0	0	0	0	0	0	0	0	0	40	0	40	0	20	90
120	150	20	30	120	20	20	50	20	120	120	180	0	120	220	30	220	20	200	270
0	30	0	0	0	0	0	0	0	0	0	60	0	0	100	0	100	0	80	150
0	0	0	0	0	0	0	0	0	0	0	0	0	0	0	0	0	0	0	50
90	120	0	0	90	0	0	20	0	90	90	150	0	90	190	0	190	0	170	240
0	0	0	0	0	0	0	0	0	0	0	0	0	0	0	0	0	0	0	50
100	130	0	10	100	0	0	30	0	100	100	160	0	100	200	10	200	0	180	250
0	0	0	0	0	0	0	0	0	0	0	0	0	0	20	0	20	0	0	70
0	0	0	0	0	0	0	0	0	0	0	0	0	0	0	0	0	0	0	0

0	0	100	90	0	100	100	70	100	0	0	0	120	0	0	90	0	100	0	0
30	0	130	120	30	130	130	100	130	30	30	0	150	30	0	120	0	130	0	0
0	0	0	0	0	0	0	0	0	0	0	0	20	0	0	0	0	0	0	0
0	0	10	0	0	10	10	0	10	0	0	0	30	0	0	0	0	10	0	0
0	0	100	90	0	100	100	70	100	0	0	0	120	0	0	90	0	100	0	0
0	0	0	0	0	0	0	0	0	0	0	0	20	0	0	0	0	0	0	0
0	0	0	0	0	0	0	0	0	0	0	0	20	0	0	0	0	0	0	0
0	0	30	20	0	30	30	0	30	0	0	0	50	0	0	20	0	30	0	0
0	0	0	0	0	0	0	0	0	0	0	0	20	0	0	0	0	0	0	0
0	0	100	90	0	100	100	70	100	0	0	0	120	0	0	90	0	100	0	0
0	0	100	90	0	100	100	70	100	0	0	0	120	0	0	90	0	100	0	0
60	30	160	150	60	160	160	130	160	60	60	0	180	60	0	150	0	160	0	0
0	0	0	0	0	0	0	0	0	0	0	0	0	0	0	0	0	0	0	0
0	0	100	90	0	100	100	70	100	0	0	0	120	0	0	90	0	100	0	0
100	70	200	190	100	200	200	170	200	100	100	40	220	100	0	190	0	200	20	0
0	0	10	0	0	10	10	0	10	0	0	0	30	0	0	0	0	10	0	0
100	70	200	190	100	200	200	170	200	100	100	40	220	100	0	190	0	200	20	0
0	0	0	0	0	0	0	0	0	0	0	0	20	0	0	0	0	0	0	0
80	50	180	170	80	180	180	150	180	80	80	20	200	80	0	170	0	180	0	0
150	120	250	240	150	250	250	220	250	150	150	90	270	150	50	240	50	250	70	0