1704 1723 1669 1609 1607 1675 1736 1701 1660 1669 1745 1638 1761 1749 1526 1650 1728 1703 1726 1637

41

103 100 108 117 117 107 98 103 109 108 96 112 94 96 129 111 99 103 99 113

53 18 14 15

9987

0	0	69	0	0	0	0	0	0	0	0	138	0	0	0	0	0	0	0	148
312	0	381	210	0	0	0	0	0	0	0	450	130	150	0	0	90	304	305	460
0	0	0	0	0	0	0	0	0	0	0	69	0	0	0	0	0	0	0	79
102	0	171	0	0	0	0	0	0	0	0	240	0	0	0	0	0	94	95	250
623	311	692	521	0	110	238	211	55	230	266	761	441	461	0	47	401	615	616	771
513	201	582	411	0	0	128	101	0	120	156	651	331	351	0	0	291	505	506	661
385	73	454	283	0	0	0	0	0	0	28	523	203	223	0	0	163	377	378	533
412	100	481	310	0	0	27	0	0	19	55	550	230	250	0	0	190	404	405	560
568	256	637	466	0	55	183	156	0	175	211	706	386	406	0	0	346	560	561	716
393	81	462	291	0	0	8	0	0	0	36	531	211	231	0	0	171	385	386	541
357	45	426	255	0	0	0	0	0	0	0	495	175	195	0	0	135	349	350	505
0	0	0	0	0	0	0	0	0	0	0	0	0	0	0	0	0	0	0	10
182	0	251	80	0	0	0	0	0	0	0	320	0	20	0	0	0	174	175	330
162	0	231	60	0	0	0	0	0	0	0	300	0	0	0	0	0	154	155	310
748	436	817	646	125	235	363	336	180	355	391	886	566	586	0	172	526	740	741	896
576	264	645	474	0	63	191	164	8	183	219	714	394	414	0	0	354	568	569	724
222	0	291	120	0	0	0	0	0	0	0	360	40	60	0	0	0	214	215	370
8	0	77	0	0	0	0	0	0	0	0	146	0	0	0	0	0	0	1	156
7	0	76	0	0	0	0	0	0	0	0	145	0	0	0	0	0	0	0	155
0	0	0	0	0	0	0	0	0	0	0	0	0	0	0	0	0	0	0	0

0	312	0	102	623	513	385	412	568	393	357	0	182	162	748	576	222	8	7	0
0	0	0	0	311	201	73	100	256	81	45	0	0	0	436	264	0	0	0	0
69	381	0	171	692	582	454	481	637	462	426	0	251	231	817	645	291	77	76	0
0	210	0	0	521	411	283	310	466	291	255	0	80	60	646	474	120	0	0	0
0	0	0	0	0	0	0	0	0	0	0	0	0	0	125	0	0	0	0	0
0	0	0	0	110	0	0	0	55	0	0	0	0	0	235	63	0	0	0	0
0	0	0	0	238	128	0	27	183	8	0	0	0	0	363	191	0	0	0	0
0	0	0	0	211	101	0	0	156	0	0	0	0	0	336	164	0	0	0	0
0	0	0	0	55	0	0	0	0	0	0	0	0	0	180	8	0	0	0	0
0	0	0	0	230	120	0	19	175	0	0	0	0	0	355	183	0	0	0	0
0	0	0	0	266	156	28	55	211	36	0	0	0	0	391	219	0	0	0	0
138	450	69	240	761	651	523	550	706	531	495	0	320	300	886	714	360	146	145	0
0	130	0	0	441	331	203	230	386	211	175	0	0	0	566	394	40	0	0	0
0	150	0	0	461	351	223	250	406	231	195	0	20	0	586	414	60	0	0	0
0	0	0	0	0	0	0	0	0	0	0	0	0	0	0	0	0	0	0	0
0	0	0	0	47	0	0	0	0	0	0	0	0	0	172	0	0	0	0	0
0	90	0	0	401	291	163	190	346	171	135	0	0	0	526	354	0	0	0	0
0	304	0	94	615	505	377	404	560	385	349	0	174	154	740	568	214	0	0	0
0	305	0	95	616	506	378	405	561	386	350	0	175	155	741	569	215	1	0	0
148	460	79	250	771	661	533	560	716	541	505	10	330	310	896	724	370	156	155	0

0	20	0	170	100	0	20	70	0	170	0	0	0	20	0	0	0	0	0	0
0	0	0	150	80	0	0	50	0	150	0	0	0	0	0	0	0	0	0	0
0	20	0	170	100	0	20	70	0	170	0	0	0	20	0	0	0	0	0	0
0	0	0	0	0	0	0	0	0	0	0	0	0	0	0	0	0	0	0	0
0	0	0	70	0	0	0	0	0	70	0	0	0	0	0	0	0	0	0	0
130	150	130	300	230	0	150	200	30	300	10	120	90	150	58	40	0	0	100	80
0	0	0	150	80	0	0	50	0	150	0	0	0	0	0	0	0	0	0	0
0	0	0	100	30	0	0	0	0	100	0	0	0	0	0	0	0	0	0	0
100	120	100	270	200	0	120	170	0	270	0	90	60	120	28	10	0	0	70	50
0	0	0	0	0	0	0	0	0	0	0	0	0	0	0	0	0	0	0	0
120	140	120	290	220	0	140	190	20	290	0	110	80	140	48	30	0	0	90	70
10	30	10	180	110	0	30	80	0	180	0	0	0	30	0	0	0	0	0	0
40	60	40	210	140	0	60	110	0	210	0	30	0	60	0	0	0	0	10	0
0	0	0	150	80	0	0	50	0	150	0	0	0	0	0	0	0	0	0	0
72	92	72	242	172	0	92	142	0	242	0	62	32	92	0	0	0	0	42	22
90	110	90	260	190	0	110	160	0	260	0	80	50	110	18	0	0	0	60	40
150	170	150	320	250	20	170	220	50	320	30	140	110	170	78	60	0	20	120	100
130	150	130	300	230	0	150	200	30	300	10	120	90	150	58	40	0	0	100	80
30	50	30	200	130	0	50	100	0	200	0	20	0	50	0	0	0	0	0	0
50	70	50	220	150	0	70	120	0	220	0	40	10	70	0	0	0	0	20	0

0	0	0	0	0	130	0	0	100	0	120	10	40	0	72	90	150	130	30	50
20	0	20	0	0	150	0	0	120	0	140	30	60	0	92	110	170	150	50	70
0	0	0	0	0	130	0	0	100	0	120	10	40	0	72	90	150	130	30	50
170	150	170	0	70	300	150	100	270	0	290	180	210	150	242	260	320	300	200	220
100	80	100	0	0	230	80	30	200	0	220	110	140	80	172	190	250	230	130	150
0	0	0	0	0	0	0	0	0	0	0	0	0	0	0	0	20	0	0	0
20	0	20	0	0	150	0	0	120	0	140	30	60	0	92	110	170	150	50	70
70	50	70	0	0	200	50	0	170	0	190	80	110	50	142	160	220	200	100	120
0	0	0	0	0	30	0	0	0	0	20	0	0	0	0	0	50	30	0	0
170	150	170	0	70	300	150	100	270	0	290	180	210	150	242	260	320	300	200	220
0	0	0	0	0	10	0	0	0	0	0	0	0	0	0	0	30	10	0	0
0	0	0	0	0	120	0	0	90	0	110	0	30	0	62	80	140	120	20	40
0	0	0	0	0	90	0	0	60	0	80	0	0	0	32	50	110	90	0	10
20	0	20	0	0	150	0	0	120	0	140	30	60	0	92	110	170	150	50	70
0	0	0	0	0	58	0	0	28	0	48	0	0	0	0	18	78	58	0	0
0	0	0	0	0	40	0	0	10	0	30	0	0	0	0	0	60	40	0	0
0	0	0	0	0	0	0	0	0	0	0	0	0	0	0	0	0	0	0	0
0	0	0	0	0	0	0	0	0	0	0	0	0	0	0	0	20	0	0	0
0	0	0	0	0	100	0	0	70	0	90	0	10	0	42	60	120	100	0	20
0	0	0	0	0	80	0	0	50	0	70	0	0	0	22	40	100	80	0	0