1657 1611 1659 1691 1545 1709 1659 1422 1521 1545 1511 1643 1698 1527 1249 1343 1690 1700 1669 1713

41

103 109 102 98 118 95 102 136 122 118 123 105 97 121 160 147 98 97 101 95

53 18 14 15

9872

0	0	16	184	384	262	0	189	574	56	474	254	264	574	0	41	291	146	174	262
70	0	86	254	454	332	69	259	644	126	544	324	334	644	30	111	361	216	244	332
0	0	0	168	368	246	0	173	558	40	458	238	248	558	0	25	275	130	158	246
0	0	0	0	200	78	0	5	390	0	290	70	80	390	0	0	107	0	0	78
0	0	0	0	0	0	0	0	190	0	90	0	0	190	0	0	0	0	0	0
0	0	0	0	122	0	0	0	312	0	212	0	2	312	0	0	29	0	0	0
1	0	17	185	385	263	0	190	575	57	475	255	265	575	0	42	292	147	175	263
0	0	0	0	195	73	0	0	385	0	285	65	75	385	0	0	102	0	0	73
0	0	0	0	0	0	0	0	0	0	0	0	0	0	0	0	0	0	0	0
0	0	0	128	328	206	0	133	518	0	418	198	208	518	0	0	235	90	118	206
0	0	0	0	0	0	0	0	100	0	0	0	0	100	0	0	0	0	0	0
0	0	0	0	130	8	0	0	320	0	220	0	10	320	0	0	37	0	0	8
0	0	0	0	120	0	0	0	310	0	210	0	0	310	0	0	27	0	0	0
0	0	0	0	0	0	0	0	0	0	0	0	0	0	0	0	0	0	0	0
40	0	56	224	424	302	39	229	614	96	514	294	304	614	0	81	331	186	214	302
0	0	0	143	343	221	0	148	533	15	433	213	223	533	0	0	250	105	133	221
0	0	0	0	93	0	0	0	283	0	183	0	0	283	0	0	0	0	0	0
0	0	0	38	238	116	0	43	428	0	328	108	118	428	0	0	145	0	28	116
0	0	0	10	210	88	0	15	400	0	300	80	90	400	0	0	117	0	0	88
0	0	0	0	122	0	0	0	312	0	212	0	2	312	0	0	29	0	0	0

0	70	0	0	0	0	1	0	0	0	0	0	0	0	40	0	0	0	0	0
0	0	0	0	0	0	0	0	0	0	0	0	0	0	0	0	0	0	0	0
16	86	0	0	0	0	17	0	0	0	0	0	0	0	56	0	0	0	0	0
184	254	168	0	0	0	185	0	0	128	0	0	0	0	224	143	0	38	10	0
384	454	368	200	0	122	385	195	0	328	0	130	120	0	424	343	93	238	210	122
262	332	246	78	0	0	263	73	0	206	0	8	0	0	302	221	0	116	88	0
0	69	0	0	0	0	0	0	0	0	0	0	0	0	39	0	0	0	0	0
189	259	173	5	0	0	190	0	0	133	0	0	0	0	229	148	0	43	15	0
574	644	558	390	190	312	575	385	0	518	100	320	310	0	614	533	283	428	400	312
56	126	40	0	0	0	57	0	0	0	0	0	0	0	96	15	0	0	0	0
474	544	458	290	90	212	475	285	0	418	0	220	210	0	514	433	183	328	300	212
254	324	238	70	0	0	255	65	0	198	0	0	0	0	294	213	0	108	80	0
264	334	248	80	0	2	265	75	0	208	0	10	0	0	304	223	0	118	90	2
574	644	558	390	190	312	575	385	0	518	100	320	310	0	614	533	283	428	400	312
0	30	0	0	0	0	0	0	0	0	0	0	0	0	0	0	0	0	0	0
41	111	25	0	0	0	42	0	0	0	0	0	0	0	81	0	0	0	0	0
291	361	275	107	0	29	292	102	0	235	0	37	27	0	331	250	0	145	117	29
146	216	130	0	0	0	147	0	0	90	0	0	0	0	186	105	0	0	0	0
174	244	158	0	0	0	175	0	0	118	0	0	0	0	214	133	0	28	0	0
262	332	246	78	0	0	263	73	0	206	0	8	0	0	302	221	0	116	88	0

0	0	0	200	280	30	20	800	150	500	0	0	190	200	970	900	20	130	0	60
0	0	0	200	280	30	20	800	150	500	0	0	190	200	970	900	20	130	0	60
20	20	0	220	300	50	40	820	170	520	0	0	210	220	990	920	40	150	0	80
0	0	0	0	80	0	0	600	0	300	0	0	0	0	770	700	0	0	0	0
0	0	0	0	0	0	0	520	0	220	0	0	0	0	690	620	0	0	0	0
0	0	0	170	250	0	0	770	120	470	0	0	160	170	940	870	0	100	0	30
0	0	0	180	260	10	0	780	130	480	0	0	170	180	950	880	0	110	0	40
0	0	0	0	0	0	0	0	0	0	0	0	0	0	170	100	0	0	0	0
0	0	0	50	130	0	0	650	0	350	0	0	40	50	820	750	0	0	0	0
0	0	0	0	0	0	0	300	0	0	0	0	0	0	470	400	0	0	0	0
140	140	120	340	420	170	160	940	290	640	0	40	330	340	1110	1040	160	270	80	200
100	100	80	300	380	130	120	900	250	600	0	0	290	300	1070	1000	120	230	40	160
0	0	0	10	90	0	0	610	0	310	0	0	0	10	780	710	0	0	0	0
0	0	0	0	80	0	0	600	0	300	0	0	0	0	770	700	0	0	0	0
0	0	0	0	0	0	0	0	0	0	0	0	0	0	0	0	0	0	0	0
0	0	0	0	0	0	0	0	0	0	0	0	0	0	70	0	0	0	0	0
0	0	0	180	260	10	0	780	130	480	0	0	170	180	950	880	0	110	0	40
0	0	0	70	150	0	0	670	20	370	0	0	60	70	840	770	0	0	0	0
60	60	40	260	340	90	80	860	210	560	0	0	250	260	1030	960	80	190	0	120
0	0	0	140	220	0	0	740	90	440	0	0	130	140	910	840	0	70	0	0

0	0	20	0	0	0	0	0	0	0	140	100	0	0	0	0	0	0	60	0
0	0	20	0	0	0	0	0	0	0	140	100	0	0	0	0	0	0	60	0
0	0	0	0	0	0	0	0	0	0	120	80	0	0	0	0	0	0	40	0
200	200	220	0	0	170	180	0	50	0	340	300	10	0	0	0	180	70	260	140
280	280	300	80	0	250	260	0	130	0	420	380	90	80	0	0	260	150	340	220
30	30	50	0	0	0	10	0	0	0	170	130	0	0	0	0	10	0	90	0
20	20	40	0	0	0	0	0	0	0	160	120	0	0	0	0	0	0	80	0
800	800	820	600	520	770	780	0	650	300	940	900	610	600	0	0	780	670	860	740
150	150	170	0	0	120	130	0	0	0	290	250	0	0	0	0	130	20	210	90
500	500	520	300	220	470	480	0	350	0	640	600	310	300	0	0	480	370	560	440
0	0	0	0	0	0	0	0	0	0	0	0	0	0	0	0	0	0	0	0
0	0	0	0	0	0	0	0	0	0	40	0	0	0	0	0	0	0	0	0
190	190	210	0	0	160	170	0	40	0	330	290	0	0	0	0	170	60	250	130
200	200	220	0	0	170	180	0	50	0	340	300	10	0	0	0	180	70	260	140
970	970	990	770	690	940	950	170	820	470	1110	1070	780	770	0	70	950	840	1030	910
900	900	920	700	620	870	880	100	750	400	1040	1000	710	700	0	0	880	770	960	840
20	20	40	0	0	0	0	0	0	0	160	120	0	0	0	0	0	0	80	0
130	130	150	0	0	100	110	0	0	0	270	230	0	0	0	0	110	0	190	70
0	0	0	0	0	0	0	0	0	0	80	40	0	0	0	0	0	0	0	0
60	60	80	0	0	30	40	0	0	0	200	160	0	0	0	0	40	0	120	0