1531 1621 1705 1698 1695 1632 1650 1643 1713 1403 1706 1647 1728 1621 1700 1676 1349 1634 1619 1673

41

131 117 104 105 106 115 113 114 103 150 104 113 101 117 105 109 158 115 117 109

53 18 14 15

9882

0	0	0	0	0	0	0	0	0	0	0	0	0	0	0	0	0	0	0	0
349	0	0	59	49	0	0	0	74	0	0	0	63	289	115	0	0	296	339	0
621	272	0	331	321	0	0	61	346	100	12	0	335	561	387	161	0	568	611	26
290	0	0	0	0	0	0	0	15	0	0	0	4	230	56	0	0	237	280	0
300	0	0	10	0	0	0	0	25	0	0	0	14	240	66	0	0	247	290	0
720	371	99	430	420	0	23	160	445	199	111	23	434	660	486	260	0	667	710	125
697	348	76	407	397	0	0	137	422	176	88	0	411	637	463	237	0	644	687	102
560	211	0	270	260	0	0	0	285	39	0	0	274	500	326	100	0	507	550	0
275	0	0	0	0	0	0	0	0	0	0	0	0	215	41	0	0	222	265	0
521	172	0	231	221	0	0	0	246	0	0	0	235	461	287	61	0	468	511	0
609	260	0	319	309	0	0	49	334	88	0	0	323	549	375	149	0	556	599	14
697	348	76	407	397	0	0	137	422	176	88	0	411	637	463	237	0	644	687	102
286	0	0	0	0	0	0	0	11	0	0	0	0	226	52	0	0	233	276	0
60	0	0	0	0	0	0	0	0	0	0	0	0	0	0	0	0	7	50	0
234	0	0	0	0	0	0	0	0	0	0	0	0	174	0	0	0	181	224	0
460	111	0	170	160	0	0	0	185	0	0	0	174	400	226	0	0	407	450	0
760	411	139	470	460	40	63	200	485	239	151	63	474	700	526	300	0	707	750	165
53	0	0	0	0	0	0	0	0	0	0	0	0	0	0	0	0	0	43	0
10	0	0	0	0	0	0	0	0	0	0	0	0	0	0	0	0	0	0	0
595	246	0	305	295	0	0	35	320	74	0	0	309	535	361	135	0	542	585	0

0	349	621	290	300	720	697	560	275	521	609	697	286	60	234	460	760	53	10	595
0	0	272	0	0	371	348	211	0	172	260	348	0	0	0	111	411	0	0	246
0	0	0	0	0	99	76	0	0	0	0	76	0	0	0	0	139	0	0	0
0	59	331	0	10	430	407	270	0	231	319	407	0	0	0	170	470	0	0	305
0	49	321	0	0	420	397	260	0	221	309	397	0	0	0	160	460	0	0	295
0	0	0	0	0	0	0	0	0	0	0	0	0	0	0	0	40	0	0	0
0	0	0	0	0	23	0	0	0	0	0	0	0	0	0	0	63	0	0	0
0	0	61	0	0	160	137	0	0	0	49	137	0	0	0	0	200	0	0	35
0	74	346	15	25	445	422	285	0	246	334	422	11	0	0	185	485	0	0	320
0	0	100	0	0	199	176	39	0	0	88	176	0	0	0	0	239	0	0	74
0	0	12	0	0	111	88	0	0	0	0	88	0	0	0	0	151	0	0	0
0	0	0	0	0	23	0	0	0	0	0	0	0	0	0	0	63	0	0	0
0	63	335	4	14	434	411	274	0	235	323	411	0	0	0	174	474	0	0	309
0	289	561	230	240	660	637	500	215	461	549	637	226	0	174	400	700	0	0	535
0	115	387	56	66	486	463	326	41	287	375	463	52	0	0	226	526	0	0	361
0	0	161	0	0	260	237	100	0	61	149	237	0	0	0	0	300	0	0	135
0	0	0	0	0	0	0	0	0	0	0	0	0	0	0	0	0	0	0	0
0	296	568	237	247	667	644	507	222	468	556	644	233	7	181	407	707	0	0	542
0	339	611	280	290	710	687	550	265	511	599	687	276	50	224	450	750	43	0	585
0	0	26	0	0	125	102	0	0	0	14	102	0	0	0	0	165	0	0	0

0	300	100	200	200	0	10	300	70	785	80	150	100	220	50	130	560	50	150	0
0	0	0	0	0	0	0	0	0	485	0	0	0	0	0	0	260	0	0	0
0	200	0	100	100	0	0	200	0	685	0	50	0	120	0	30	460	0	50	0
0	100	0	0	0	0	0	100	0	585	0	0	0	20	0	0	360	0	0	0
0	100	0	0	0	0	0	100	0	585	0	0	0	20	0	0	360	0	0	0
0	300	100	200	200	0	10	300	70	785	80	150	100	220	50	130	560	50	150	0
0	290	90	190	190	0	0	290	60	775	70	140	90	210	40	120	550	40	140	0
0	0	0	0	0	0	0	0	0	485	0	0	0	0	0	0	260	0	0	0
0	230	30	130	130	0	0	230	0	715	10	80	30	150	0	60	490	0	80	0
0	0	0	0	0	0	0	0	0	0	0	0	0	0	0	0	0	0	0	0
0	220	20	120	120	0	0	220	0	705	0	70	20	140	0	50	480	0	70	0
0	150	0	50	50	0	0	150	0	635	0	0	0	70	0	0	410	0	0	0
0	200	0	100	100	0	0	200	0	685	0	50	0	120	0	30	460	0	50	0
0	80	0	0	0	0	0	80	0	565	0	0	0	0	0	0	340	0	0	0
0	250	50	150	150	0	0	250	20	735	30	100	50	170	0	80	510	0	100	0
0	170	0	70	70	0	0	170	0	655	0	20	0	90	0	0	430	0	20	0
0	0	0	0	0	0	0	0	0	225	0	0	0	0	0	0	0	0	0	0
0	250	50	150	150	0	0	250	20	735	30	100	50	170	0	80	510	0	100	0
0	150	0	50	50	0	0	150	0	635	0	0	0	70	0	0	410	0	0	0
0	300	100	200	200	0	10	300	70	785	80	150	100	220	50	130	560	50	150	0

0	0	0	0	0	0	0	0	0	0	0	0	0	0	0	0	0	0	0	0
300	0	200	100	100	300	290	0	230	0	220	150	200	80	250	170	0	250	150	300
100	0	0	0	0	100	90	0	30	0	20	0	0	0	50	0	0	50	0	100
200	0	100	0	0	200	190	0	130	0	120	50	100	0	150	70	0	150	50	200
200	0	100	0	0	200	190	0	130	0	120	50	100	0	150	70	0	150	50	200
0	0	0	0	0	0	0	0	0	0	0	0	0	0	0	0	0	0	0	0
10	0	0	0	0	10	0	0	0	0	0	0	0	0	0	0	0	0	0	10
300	0	200	100	100	300	290	0	230	0	220	150	200	80	250	170	0	250	150	300
70	0	0	0	0	70	60	0	0	0	0	0	0	0	20	0	0	20	0	70
785	485	685	585	585	785	775	485	715	0	705	635	685	565	735	655	225	735	635	785
80	0	0	0	0	80	70	0	10	0	0	0	0	0	30	0	0	30	0	80
150	0	50	0	0	150	140	0	80	0	70	0	50	0	100	20	0	100	0	150
100	0	0	0	0	100	90	0	30	0	20	0	0	0	50	0	0	50	0	100
220	0	120	20	20	220	210	0	150	0	140	70	120	0	170	90	0	170	70	220
50	0	0	0	0	50	40	0	0	0	0	0	0	0	0	0	0	0	0	50
130	0	30	0	0	130	120	0	60	0	50	0	30	0	80	0	0	80	0	130
560	260	460	360	360	560	550	260	490	0	480	410	460	340	510	430	0	510	410	560
50	0	0	0	0	50	40	0	0	0	0	0	0	0	0	0	0	0	0	50
150	0	50	0	0	150	140	0	80	0	70	0	50	0	100	20	0	100	0	150
0	0	0	0	0	0	0	0	0	0	0	0	0	0	0	0	0	0	0	0