1688 1726 1747 1601 1614 1752 1755 1768 1764 1778 1773 1781 1661 1618 1646 1118 1776 1653 1535 1729

41

98 93 90 110 108 89 89 87 87 85 86 85 102 108 104 178 86 103 119 92

53 18 14 15

10128

0	272	250	0	35	193	90	210	260	233	170	225	0	0	482	302	220	482	620	135
0	0	0	0	0	0	0	0	0	0	0	0	0	0	210	30	0	210	348	0
0	22	0	0	0	0	0	0	10	0	0	0	0	0	232	52	0	232	370	0
186	458	436	0	221	379	276	396	446	419	356	411	155	96	668	488	406	668	806	321
0	237	215	0	0	158	55	175	225	198	135	190	0	0	447	267	185	447	585	100
0	79	57	0	0	0	0	17	67	40	0	32	0	0	289	109	27	289	427	0
0	182	160	0	0	103	0	120	170	143	80	135	0	0	392	212	130	392	530	45
0	62	40	0	0	0	0	0	50	23	0	15	0	0	272	92	10	272	410	0
0	12	0	0	0	0	0	0	0	0	0	0	0	0	222	42	0	222	360	0
0	39	17	0	0	0	0	0	27	0	0	0	0	0	249	69	0	249	387	0
0	102	80	0	0	23	0	40	90	63	0	55	0	0	312	132	50	312	450	0
0	47	25	0	0	0	0	0	35	8	0	0	0	0	257	77	0	257	395	0
31	303	281	0	66	224	121	241	291	264	201	256	0	0	513	333	251	513	651	166
90	362	340	0	125	283	180	300	350	323	260	315	59	0	572	392	310	572	710	225
0	0	0	0	0	0	0	0	0	0	0	0	0	0	0	0	0	0	138	0
0	0	0	0	0	0	0	0	0	0	0	0	0	0	180	0	0	180	318	0
0	52	30	0	0	0	0	0	40	13	0	5	0	0	262	82	0	262	400	0
0	0	0	0	0	0	0	0	0	0	0	0	0	0	0	0	0	0	138	0
0	0	0	0	0	0	0	0	0	0	0	0	0	0	0	0	0	0	0	0
0	137	115	0	0	58	0	75	125	98	35	90	0	0	347	167	85	347	485	0

0	0	0	186	0	0	0	0	0	0	0	0	31	90	0	0	0	0	0	0
272	0	22	458	237	79	182	62	12	39	102	47	303	362	0	0	52	0	0	137
250	0	0	436	215	57	160	40	0	17	80	25	281	340	0	0	30	0	0	115
0	0	0	0	0	0	0	0	0	0	0	0	0	0	0	0	0	0	0	0
35	0	0	221	0	0	0	0	0	0	0	0	66	125	0	0	0	0	0	0
193	0	0	379	158	0	103	0	0	0	23	0	224	283	0	0	0	0	0	58
90	0	0	276	55	0	0	0	0	0	0	0	121	180	0	0	0	0	0	0
210	0	0	396	175	17	120	0	0	0	40	0	241	300	0	0	0	0	0	75
260	0	10	446	225	67	170	50	0	27	90	35	291	350	0	0	40	0	0	125
233	0	0	419	198	40	143	23	0	0	63	8	264	323	0	0	13	0	0	98
170	0	0	356	135	0	80	0	0	0	0	0	201	260	0	0	0	0	0	35
225	0	0	411	190	32	135	15	0	0	55	0	256	315	0	0	5	0	0	90
0	0	0	155	0	0	0	0	0	0	0	0	0	59	0	0	0	0	0	0
0	0	0	96	0	0	0	0	0	0	0	0	0	0	0	0	0	0	0	0
482	210	232	668	447	289	392	272	222	249	312	257	513	572	0	180	262	0	0	347
302	30	52	488	267	109	212	92	42	69	132	77	333	392	0	0	82	0	0	167
220	0	0	406	185	27	130	10	0	0	50	0	251	310	0	0	0	0	0	85
482	210	232	668	447	289	392	272	222	249	312	257	513	572	0	180	262	0	0	347
620	348	370	806	585	427	530	410	360	387	450	395	651	710	138	318	400	138	0	485
135	0	0	321	100	0	45	0	0	0	0	0	166	225	0	0	0	0	0	0

0	200	200	130	380	0	150	30	150	80	100	80	50	130	100	1230	160	100	0	50
0	0	0	0	180	0	0	0	0	0	0	0	0	0	0	1030	0	0	0	0
0	0	0	0	180	0	0	0	0	0	0	0	0	0	0	1030	0	0	0	0
0	70	70	0	250	0	20	0	20	0	0	0	0	0	0	1100	30	0	0	0
0	0	0	0	0	0	0	0	0	0	0	0	0	0	0	850	0	0	0	0
0	200	200	130	380	0	150	30	150	80	100	80	50	130	100	1230	160	100	0	50
0	50	50	0	230	0	0	0	0	0	0	0	0	0	0	1080	10	0	0	0
0	170	170	100	350	0	120	0	120	50	70	50	20	100	70	1200	130	70	0	20
0	50	50	0	230	0	0	0	0	0	0	0	0	0	0	1080	10	0	0	0
0	120	120	50	300	0	70	0	70	0	20	0	0	50	20	1150	80	20	0	0
0	100	100	30	280	0	50	0	50	0	0	0	0	30	0	1130	60	0	0	0
0	120	120	50	300	0	70	0	70	0	20	0	0	50	20	1150	80	20	0	0
0	150	150	80	330	0	100	0	100	30	50	30	0	80	50	1180	110	50	0	0
0	70	70	0	250	0	20	0	20	0	0	0	0	0	0	1100	30	0	0	0
0	100	100	30	280	0	50	0	50	0	0	0	0	30	0	1130	60	0	0	0
0	0	0	0	0	0	0	0	0	0	0	0	0	0	0	0	0	0	0	0
0	40	40	0	220	0	0	0	0	0	0	0	0	0	0	1070	0	0	0	0
0	100	100	30	280	0	50	0	50	0	0	0	0	30	0	1130	60	0	0	0
0	200	200	130	380	0	150	30	150	80	100	80	50	130	100	1230	160	100	0	50
0	150	150	80	330	0	100	0	100	30	50	30	0	80	50	1180	110	50	0	0

0	0	0	0	0	0	0	0	0	0	0	0	0	0	0	0	0	0	0	0
200	0	0	70	0	200	50	170	50	120	100	120	150	70	100	0	40	100	200	150
200	0	0	70	0	200	50	170	50	120	100	120	150	70	100	0	40	100	200	150
130	0	0	0	0	130	0	100	0	50	30	50	80	0	30	0	0	30	130	80
380	180	180	250	0	380	230	350	230	300	280	300	330	250	280	0	220	280	380	330
0	0	0	0	0	0	0	0	0	0	0	0	0	0	0	0	0	0	0	0
150	0	0	20	0	150	0	120	0	70	50	70	100	20	50	0	0	50	150	100
30	0	0	0	0	30	0	0	0	0	0	0	0	0	0	0	0	0	30	0
150	0	0	20	0	150	0	120	0	70	50	70	100	20	50	0	0	50	150	100
80	0	0	0	0	80	0	50	0	0	0	0	30	0	0	0	0	0	80	30
100	0	0	0	0	100	0	70	0	20	0	20	50	0	0	0	0	0	100	50
80	0	0	0	0	80	0	50	0	0	0	0	30	0	0	0	0	0	80	30
50	0	0	0	0	50	0	20	0	0	0	0	0	0	0	0	0	0	50	0
130	0	0	0	0	130	0	100	0	50	30	50	80	0	30	0	0	30	130	80
100	0	0	0	0	100	0	70	0	20	0	20	50	0	0	0	0	0	100	50
1230	1030	1030	1100	850	1230	1080	1200	1080	1150	1130	1150	1180	1100	1130	0	1070	1130	1230	1180
160	0	0	30	0	160	10	130	10	80	60	80	110	30	60	0	0	60	160	110
100	0	0	0	0	100	0	70	0	20	0	20	50	0	0	0	0	0	100	50
0	0	0	0	0	0	0	0	0	0	0	0	0	0	0	0	0	0	0	0
50	0	0	0	0	50	0	20	0	0	0	0	0	0	0	0	0	0	50	0